0	1
0.01	1.00005
0.02	1.0002
0.03	1.00045
0.04	1.0008
0.05	1.00125
0.06	1.0018
0.07	1.00245
0.08	1.0032
0.09	1.00405
0.1	1.00501
0.11	1.00606
0.12	1.00721
0.13	1.00847
0.14	1.00982
0.15	1.01128
0.16	1.01284
0.17	1.0145
0.18	1.01627
0.19	1.01813
0.2	1.0201
0.21	1.02217
0.22	1.02435
0.23	1.02662
0.24	1.02901
0.25	1.03149
0.26	1.03409
0.27	1.03678
0.28	1.03958
0.29	1.04249
0.3	1.04551
0.31	1.04863
0.32	1.05186
0.33	1.05519
0.34	1.05864
0.35	1.06219
0.36	1.06585
0.37	1.06962
0.38	1.0735
0.39	1.0775
0.4	1.0816
0.41	1.08582
0.42	1.09014
0.43	1.09459
0.44	1.09914
0.45	1.10381
0.46	1.1086
0.47	1.1135
0.48	1.11852
0.49	1.12365
0.5	1.12891
0.51	1.13428
0.52	1.13977
0.53	1.14538
0.54	1.15111
0.55	1.15697
0.56	1.16295
0.57	1.16905
0.58	1.17527
0.59	1.18162
0.6	1.1881
0.61	1.1947
0.62	1.20144
0.63	1.2083
0.64	1.21529
0.65	1.22241
0.66	1.22966
0.67	1.23704
0.68	1.24456
0.69	1.25222
0.7	1.26001
0.71	1.26793
0.72	1.276
0.73	1.2842
0.74	1.29254
0.75	1.30103
0.76	1.30965
0.77	1.31842
0.78	1.32733
0.79	1.33639
0.8	1.3456
0.81	1.35495
0.82	1.36446
0.83	1.37411
0.84	1.38392
0.85	1.39388
0.86	1.40399
0.87	1.41426
0.88	1.42468
0.89	1.43526
0.9	1.44601
0.91	1.45691
0.92	1.46797
0.93	1.4792
0.94	1.4906
0.95	1.50216
0.96	1.51388
0.97	1.52578
0.98	1.53785
0.99	1.55009
1	1.5625
1.01	1.57509
1.02	1.58785
1.03	1.60079
1.04	1.61392
1.05	1.62722
1.06	1.6407
1.07	1.65437
1.08	1.66823
1.09	1.68227
1.1	1.69651
1.11	1.71093
1.12	1.72554
1.13	1.74035
1.14	1.75536
1.15	1.77056
1.16	1.78596
1.17	1.80157
1.18	1.81737
1.19	1.83338
1.2	1.8496
1.21	1.86602
1.22	1.88266
1.23	1.8995
1.24	1.91656
1.25	1.93384
1.26	1.95133
1.27	1.96904
1.28	1.98697
1.29	2.00513
1.3	2.02351
1.31	2.04211
1.32	2.06095
1.33	2.08001
1.34	2.09931
1.35	2.11884
1.36	2.13861
1.37	2.15862
1.38	2.17887
1.39	2.19936
1.4	2.2201
1.41	2.24108
1.42	2.26232
1.43	2.2838
1.44	2.30554
1.45	2.32753
1.46	2.34978
1.47	2.37229
1.48	2.39507
1.49	2.4181
1.5	2.44141
1.51	2.46498
1.52	2.48882
1.53	2.51294
1.54	2.53733
1.55	2.562
1.56	2.58695
1.57	2.61218
1.58	2.6377
1.59	2.66351
1.6	2.6896
1.61	2.71599
1.62	2.74267
1.63	2.76964
1.64	2.79692
1.65	2.8245
1.66	2.85238
1.67	2.88057
1.68	2.90907
1.69	2.93788
1.7	2.96701
1.71	2.99645
1.72	3.02621
1.73	3.05629
1.74	3.0867
1.75	3.11743
1.76	3.1485
1.77	3.17989
1.78	3.21162
1.79	3.24369
1.8	3.2761
1.81	3.30885
1.82	3.34195
1.83	3.3754
1.84	3.40919
1.85	3.44334
1.86	3.47785
1.87	3.51272
1.88	3.54795
1.89	3.58354
1.9	3.61951
1.91	3.65584
1.92	3.69255
1.93	3.72963
1.94	3.76709
1.95	3.80494
1.96	3.84317
1.97	3.88179
1.98	3.9208
1.99	3.9602
2	4
2.01	4.0402
2.02	4.0808
2.03	4.12181
2.04	4.16323
2.05	4.20506
2.06	4.24731
2.07	4.28997
2.08	4.33306
2.09	4.37657
2.1	4.42051
2.11	4.46487
2.12	4.50968
2.13	4.55492
2.14	4.6006
2.15	4.64672
2.16	4.69329
2.17	4.74031
2.18	4.78778
2.19	4.83571
2.2	4.8841
2.21	4.93295
2.22	4.98227
2.23	5.03206
2.24	5.08232
2.25	5.13306
2.26	5.18427
2.27	5.23597
2.28	5.28816
2.29	5.34084
2.3	5.39401
2.31	5.44767
2.32	5.50184
2.33	5.55651
2.34	5.61169
2.35	5.66738
2.36	5.72358
2.37	5.7803
2.38	5.83754
2.39	5.89531
2.4	5.9536
2.41	6.01243
2.42	6.07179
2.43	6.13169
2.44	6.19213
2.45	6.25313
2.46	6.31467
2.47	6.37676
2.48	6.43941
2.49	6.50263
2.5	6.56641
2.51	6.63075
2.52	6.69567
2.53	6.76117
2.54	6.82725
2.55	6.89391
2.56	6.96115
2.57	7.02899
2.58	7.09743
2.59	7.16646
2.6	7.2361
2.61	7.30634
2.62	7.3772
2.63	7.44867
2.64	7.52076
2.65	7.59347
2.66	7.66681
2.67	7.74078
2.68	7.81538
2.69	7.89062
2.7	7.96651
2.71	8.04304
2.72	8.12022
2.73	8.19806
2.74	8.27655
2.75	8.35571
2.76	8.43554
2.77	8.51604
2.78	8.59721
2.79	8.67906
2.8	8.7616
2.81	8.84482
2.82	8.92874
2.83	9.01335
2.84	9.09867
2.85	9.18469
2.86	9.27142
2.87	9.35886
2.88	9.44702
2.89	9.5359
2.9	9.62551
2.91	9.71584
2.92	9.80692
2.93	9.89873
2.94	9.99129
2.95	10.0846
2.96	10.1787
2.97	10.2735
2.98	10.369
2.99	10.4654
3	10.5625
3.01	10.6604
3.02	10.7591
3.03	10.8585
3.04	10.9587
3.05	11.0598
3.06	11.1616
3.07	11.2642
3.08	11.3677
3.09	11.4719
3.1	11.577
3.11	11.6829
3.12	11.7896
3.13	11.8972
3.14	12.0055
3.15	12.1148
3.16	12.2248
3.17	12.3357
3.18	12.4475
3.19	12.5601
3.2	12.6736
3.21	12.788
3.22	12.9032
3.23	13.0193
3.24	13.1363
3.25	13.2542
3.26	13.3729
3.27	13.4926
3.28	13.6131
3.29	13.7346
3.3	13.857
3.31	13.9803
3.32	14.1045
3.33	14.2297
3.34	14.3558
3.35	14.4828
3.36	14.6107
3.37	14.7396
3.38	14.8695
3.39	15.0003
3.4	15.1321
3.41	15.2648
3.42	15.3986
3.43	15.5333
3.44	15.6689
3.45	15.8056
3.46	15.9433
3.47	16.0819
3.48	16.2216
3.49	16.3622
3.5	16.5039
3.51	16.6466
3.52	16.7903
3.53	16.9351
3.54	17.0809
3.55	17.2277
3.56	17.3756
3.57	17.5245
3.58	17.6745
3.59	17.8255
3.6	17.9776
3.61	18.1308
3.62	18.285
3.63	18.4404
3.64	18.5968
3.65	18.7543
3.66	18.9129
3.67	19.0727
3.68	19.2335
3.69	19.3954
3.7	19.5585
3.71	19.7227
3.72	19.888
3.73	20.0545
3.74	20.2221
3.75	20.3909
3.76	20.5608
3.77	20.7319
3.78	20.9041
3.79	21.0775
3.8	21.2521
3.81	21.4279
3.82	21.6048
3.83	21.783
3.84	21.9623
3.85	22.1429
3.86	22.3247
3.87	22.5077
3.88	22.6919
3.89	22.8773
3.9	23.064
3.91	23.2519
3.92	23.4411
3.93	23.6315
3.94	23.8232
3.95	24.0161
3.96	24.2103
3.97	24.4058
3.98	24.6026
3.99	24.8006
4	25
4.01	25.2007
4.02	25.4026
4.03	25.6059
4.04	25.8105
4.05	26.0164
4.06	26.2236
4.07	26.4322
4.08	26.6421
4.09	26.8534
4.1	27.066
4.11	27.28
4.12	27.4953
4.13	27.7121
4.14	27.9302
4.15	28.1497
4.16	28.3705
4.17	28.5928
4.18	28.8165
4.19	29.0416
4.2	29.2681
4.21	29.496
4.22	29.7254
4.23	29.9562
4.24	30.1884
4.25	30.4221
4.26	30.6573
4.27	30.8939
4.28	31.1319
4.29	31.3715
4.3	31.6125
4.31	31.855
4.32	32.099
4.33	32.3445
4.34	32.5915
4.35	32.8401
4.36	33.0901
4.37	33.3417
4.38	33.5948
4.39	33.8494
4.4	34.1056
4.41	34.3633
4.42	34.6226
4.43	34.8835
4.44	35.1459
4.45	35.4099
4.46	35.6755
4.47	35.9427
4.48	36.2115
4.49	36.4819
4.5	36.7539
4.51	37.0275
4.52	37.3028
4.53	37.5797
4.54	37.8582
4.55	38.1383
4.56	38.4202
4.57	38.7036
4.58	38.9888
4.59	39.2756
4.6	39.5641
4.61	39.8543
4.62	40.1462
4.63	40.4397
4.64	40.735
4.65	41.032
4.66	41.3308
4.67	41.6312
4.68	41.9334
4.69	42.2373
4.7	42.543
4.71	42.8504
4.72	43.1596
4.73	43.4706
4.74	43.7834
4.75	44.0979
4.76	44.4142
4.77	44.7324
4.78	45.0523
4.79	45.374
4.8	45.6976
4.81	46.023
4.82	46.3502
4.83	46.6793
4.84	47.0102
4.85	47.343
4.86	47.6776
4.87	48.0142
4.88	48.3526
4.89	48.6928
4.9	49.035
4.91	49.3791
4.92	49.7251
4.93	50.073
4.94	50.4228
4.95	50.7745
4.96	51.1282
4.97	51.4839
4.98	51.8414
4.99	52.201
5	52.5625
5.01	52.926
5.02	53.2915
5.03	53.6589
5.04	54.0284
5.05	54.3998
5.06	54.7733
5.07	55.1488
5.08	55.5263
5.09	55.9059
5.1	56.2875
5.11	56.6712
5.12	57.0569
5.13	57.4447
5.14	57.8345
5.15	58.2264
5.16	58.6205
5.17	59.0166
5.18	59.4148
5.19	59.8151
5.2	60.2176
5.21	60.6222
5.22	61.0289
5.23	61.4378
5.24	61.8488
5.25	62.262
5.26	62.6773
5.27	63.0948
5.28	63.5145
5.29	63.9364
5.3	64.3605
5.31	64.7868
5.32	65.2153
5.33	65.646
5.34	66.079
5.35	66.5142
5.36	66.9517
5.37	67.3914
5.38	67.8333
5.39	68.2776
5.4	68.7241
5.41	69.1729
5.42	69.624
5.43	70.0774
5.44	70.5331
5.45	70.9912
5.46	71.4515
5.47	71.9142
5.48	72.3793
5.49	72.8467
5.5	73.3164
5.51	73.7885
5.52	74.263
5.53	74.7399
5.54	75.2192
5.55	75.7009
5.56	76.185
5.57	76.6715
5.58	77.1604
5.59	77.6518
5.6	78.1456
5.61	78.6419
5.62	79.1406
5.63	79.6418
5.64	80.1455
5.65	80.6516
5.66	81.1603
5.67	81.6714
5.68	82.1851
5.69	82.7013
5.7	83.22
5.71	83.7413
5.72	84.2651
5.73	84.7914
5.74	85.3203
5.75	85.8518
5.76	86.3859
5.77	86.9225
5.78	87.4618
5.79	88.0036
5.8	88.5481
5.81	89.0952
5.82	89.6449
5.83	90.1973
5.84	90.7523
5.85	91.31
5.86	91.8703
5.87	92.4333
5.88	92.999
5.89	93.5674
5.9	94.1385
5.91	94.7123
5.92	95.2888
5.93	95.8681
5.94	96.4501
5.95	97.0348
5.96	97.6223
5.97	98.2126
5.98	98.8056
5.99	99.4014
6	100
6.01	100.601
6.02	101.206
6.03	101.813
6.04	102.422
6.05	103.035
6.06	103.651
6.07	104.269
6.08	104.89
6.09	105.514
6.1	106.142
6.11	106.771
6.12	107.404
6.13	108.04
6.14	108.679
6.15	109.32
6.16	109.965
6.17	110.612
6.18	111.262
6.19	111.916
6.2	112.572
6.21	113.231
6.22	113.894
6.23	114.559
6.24	115.227
6.25	115.899
6.26	116.573
6.27	117.25
6.28	117.931
6.29	118.614
6.3	119.301
6.31	119.991
6.32	120.683
6.33	121.379
6.34	122.078
6.35	122.78
6.36	123.485
6.37	124.194
6.38	124.905
6.39	125.62
6.4	126.338
6.41	127.059
6.42	127.783
6.43	128.51
6.44	129.241
6.45	129.974
6.46	130.711
6.47	131.451
6.48	132.195
6.49	132.941
6.5	133.691
6.51	134.445
6.52	135.201
6.53	135.961
6.54	136.724
6.55	137.49
6.56	138.26
6.57	139.033
6.58	139.809
6.59	140.589
6.6	141.372
6.61	142.159
6.62	142.948
6.63	143.742
6.64	144.538
6.65	145.338
6.66	146.142
6.67	146.948
6.68	147.759
6.69	148.572
6.7	149.39
6.71	150.21
6.72	151.034
6.73	151.862
6.74	152.693
6.75	153.528
6.76	154.366
6.77	155.207
6.78	156.053
6.79	156.901
6.8	157.754
6.81	158.609
6.82	159.469
6.83	160.332
6.84	161.199
6.85	162.069
6.86	162.943
6.87	163.82
6.88	164.701
6.89	165.586
6.9	166.475
6.91	167.367
6.92	168.262
6.93	169.162
6.94	170.065
6.95	170.972
6.96	171.883
6.97	172.797
6.98	173.715
6.99	174.637
7	175.562
7.01	176.492
7.02	177.425
7.03	178.362
7.04	179.303
7.05	180.247
7.06	181.196
7.07	182.148
7.08	183.104
7.09	184.064
7.1	185.028
7.11	185.996
7.12	186.967
7.13	187.943
7.14	188.922
7.15	189.906
7.16	190.893
7.17	191.884
7.18	192.879
7.19	193.878
7.2	194.882
7.21	195.889
7.22	196.9
7.23	197.915
7.24	198.934
7.25	199.957
7.26	200.984
7.27	202.016
7.28	203.051
7.29	204.091
7.3	205.134
7.31	206.182
7.32	207.233
7.33	208.289
7.34	209.349
7.35	210.413
7.36	211.481
7.37	212.554
7.38	213.63
7.39	214.711
7.4	215.796
7.41	216.885
7.42	217.979
7.43	219.076
7.44	220.178
7.45	221.284
7.46	222.395
7.47	223.509
7.48	224.628
7.49	225.751
7.5	226.879
7.51	228.011
7.52	229.147
7.53	230.287
7.54	231.432
7.55	232.582
7.56	233.735
7.57	234.893
7.58	236.056
7.59	237.222
7.6	238.394
7.61	239.569
7.62	240.749
7.63	241.934
7.64	243.123
7.65	244.316
7.66	245.514
7.67	246.717
7.68	247.924
7.69	249.135
7.7	250.352
7.71	251.572
7.72	252.797
7.73	254.027
7.74	255.261
7.75	256.5
7.76	257.744
7.77	258.992
7.78	260.245
7.79	261.502
7.8	262.764
7.81	264.031
7.82	265.302
7.83	266.578
7.84	267.859
7.85	269.145
7.86	270.435
7.87	271.73
7.88	273.029
7.89	274.334
7.9	275.643
7.91	276.957
7.92	278.276
7.93	279.599
7.94	280.928
7.95	282.261
7.96	283.599
7.97	284.942
7.98	286.29
7.99	287.642
8	289
8.01	290.362
8.02	291.73
8.03	293.102
8.04	294.479
8.05	295.862
8.06	297.249
8.07	298.641
8.08	300.038
8.09	301.44
8.1	302.847
8.11	304.259
8.12	305.676
8.13	307.098
8.14	308.526
8.15	309.958
8.16	311.395
8.17	312.838
8.18	314.286
8.19	315.738
8.2	317.196
8.21	318.659
8.22	320.127
8.23	321.601
8.24	323.079
8.25	324.563
8.26	326.052
8.27	327.546
8.28	329.045
8.29	330.55
8.3	332.06
8.31	333.575
8.32	335.095
8.33	336.621
8.34	338.152
8.35	339.688
8.36	341.23
8.37	342.777
8.38	344.329
8.39	345.887
8.4	347.45
8.41	349.018
8.42	350.592
8.43	352.171
8.44	353.756
8.45	355.346
8.46	356.942
8.47	358.543
8.48	360.149
8.49	361.761
8.5	363.379
8.51	365.002
8.52	366.631
8.53	368.265
8.54	369.904
8.55	371.55
8.56	373.201
8.57	374.857
8.58	376.519
8.59	378.187
8.6	379.86
8.61	381.539
8.62	383.224
8.63	384.914
8.64	386.61
8.65	388.312
8.66	390.019
8.67	391.732
8.68	393.451
8.69	395.176
8.7	396.906
8.71	398.642
8.72	400.384
8.73	402.132
8.74	403.885
8.75	405.645
8.76	407.41
8.77	409.181
8.78	410.958
8.79	412.741
8.8	414.53
8.81	416.324
8.82	418.125
8.83	419.931
8.84	421.744
8.85	423.562
8.86	425.387
8.87	427.217
8.88	429.053
8.89	430.896
8.9	432.744
8.91	434.598
8.92	436.459
8.93	438.326
8.94	440.198
8.95	442.077
8.96	443.962
8.97	445.853
8.98	447.75
8.99	449.653
9	451.562
9.01	453.478
9.02	455.4
9.03	457.328
9.04	459.262
9.05	461.202
9.06	463.149
9.07	465.102
9.08	467.061
9.09	469.027
9.1	470.999
9.11	472.977
9.12	474.961
9.13	476.952
9.14	478.949
9.15	480.952
9.16	482.962
9.17	484.978
9.18	487.001
9.19	489.03
9.2	491.066
9.21	493.108
9.22	495.156
9.23	497.211
9.24	499.272
9.25	501.34
9.26	503.414
9.27	505.495
9.28	507.583
9.29	509.677
9.3	511.778
9.31	513.885
9.32	515.998
9.33	518.119
9.34	520.246
9.35	522.38
9.36	524.52
9.37	526.667
9.38	528.821
9.39	530.981
9.4	533.148
9.41	535.322
9.42	537.502
9.43	539.69
9.44	541.884
9.45	544.085
9.46	546.292
9.47	548.507
9.48	550.728
9.49	552.956
9.5	555.191
9.51	557.433
9.52	559.682
9.53	561.938
9.54	564.2
9.55	566.47
9.56	568.746
9.57	571.03
9.58	573.32
9.59	575.617
9.6	577.922
9.61	580.233
9.62	582.551
9.63	584.877
9.64	587.209
9.65	589.549
9.66	591.895
9.67	594.249
9.68	596.61
9.69	598.978
9.7	601.353
9.71	603.735
9.72	606.125
9.73	608.521
9.74	610.925
9.75	613.336
9.76	615.754
9.77	618.18
9.78	620.613
9.79	623.053
9.8	625.5
9.81	627.955
9.82	630.417
9.83	632.886
9.84	635.363
9.85	637.847
9.86	640.338
9.87	642.837
9.88	645.343
9.89	647.856
9.9	650.378
9.91	652.906
9.92	655.442
9.93	657.985
9.94	660.536
9.95	663.095
9.96	665.661
9.97	668.234
9.98	670.815
9.99	673.404
10	676
10.01	678.604
10.02	681.215
10.03	683.834
10.04	686.461
10.05	689.095
10.06	691.737
10.07	694.387
10.08	697.044
10.09	699.71
10.1	702.383
10.11	705.063
10.12	707.752
10.13	710.448
10.14	713.152
10.15	715.863
10.16	718.583
10.17	721.311
10.18	724.046
10.19	726.789
10.2	729.54
10.21	732.299
10.22	735.066
10.23	737.841
10.24	740.624
10.25	743.414
10.26	746.213
10.27	749.02
10.28	751.834
10.29	754.657
10.3	757.488
10.31	760.327
10.32	763.174
10.33	766.029
10.34	768.892
10.35	771.763
10.36	774.642
10.37	777.53
10.38	780.426
10.39	783.33
10.4	786.242
10.41	789.162
10.42	792.09
10.43	795.027
10.44	797.972
10.45	800.925
10.46	803.887
10.47	806.857
10.48	809.835
10.49	812.822
10.5	815.816
10.51	818.82
10.52	821.831
10.53	824.851
10.54	827.88
10.55	830.917
10.56	833.962
10.57	837.016
10.58	840.078
10.59	843.149
10.6	846.228
10.61	849.316
10.62	852.412
10.63	855.517
10.64	858.631
10.65	861.753
10.66	864.883
10.67	868.023
10.68	871.171
10.69	874.327
10.7	877.493
10.71	880.666
10.72	883.849
10.73	887.04
10.74	890.241
10.75	893.449
10.76	896.667
10.77	899.894
10.78	903.129
10.79	906.373
10.8	909.626
10.81	912.887
10.82	916.158
10.83	919.437
10.84	922.726
10.85	926.023
10.86	929.329
10.87	932.644
10.88	935.968
10.89	939.301
10.9	942.644
10.91	945.995
10.92	949.355
10.93	952.724
10.94	956.102
10.95	959.489
10.96	962.886
10.97	966.291
10.98	969.706
10.99	973.13
11	976.562
11.01	980.005
11.02	983.456
11.03	986.916
11.04	990.386
11.05	993.865
11.06	997.353
11.07	1000.85
11.08	1004.36
11.09	1007.87
11.1	1011.4
11.11	1014.93
11.12	1018.48
11.13	1022.03
11.14	1025.59
11.15	1029.17
11.16	1032.75
11.17	1036.34
11.18	1039.94
11.19	1043.55
11.2	1047.17
11.21	1050.8
11.22	1054.44
11.23	1058.09
11.24	1061.74
11.25	1065.41
11.26	1069.09
11.27	1072.77
11.28	1076.47
11.29	1080.18
11.3	1083.89
11.31	1087.62
11.32	1091.35
11.33	1095.1
11.34	1098.85
11.35	1102.61
11.36	1106.39
11.37	1110.17
11.38	1113.96
11.39	1117.77
11.4	1121.58
11.41	1125.4
11.42	1129.24
11.43	1133.08
11.44	1136.93
11.45	1140.79
11.46	1144.67
11.47	1148.55
11.48	1152.44
11.49	1156.34
11.5	1160.25
11.51	1164.18
11.52	1168.11
11.53	1172.05
11.54	1176
11.55	1179.97
11.56	1183.94
11.57	1187.92
11.58	1191.91
11.59	1195.92
11.6	1199.93
11.61	1203.95
11.62	1207.99
11.63	1212.03
11.64	1216.08
11.65	1220.15
11.66	1224.22
11.67	1228.31
11.68	1232.4
11.69	1236.51
11.7	1240.62
11.71	1244.75
11.72	1248.89
11.73	1253.03
11.74	1257.19
11.75	1261.36
11.76	1265.54
11.77	1269.73
11.78	1273.93
11.79	1278.14
11.8	1282.36
11.81	1286.59
11.82	1290.83
11.83	1295.08
11.84	1299.34
11.85	1303.62
11.86	1307.9
11.87	1312.19
11.88	1316.5
11.89	1320.82
11.9	1325.14
11.91	1329.48
11.92	1333.83
11.93	1338.19
11.94	1342.56
11.95	1346.94
11.96	1351.33
11.97	1355.73
11.98	1360.14
11.99	1364.57
12	1369
12.01	1373.45
12.02	1377.9
12.03	1382.37
12.04	1386.85
12.05	1391.34
12.06	1395.84
12.07	1400.35
12.08	1404.87
12.09	1409.4
12.1	1413.95
12.11	1418.5
12.12	1423.07
12.13	1427.65
12.14	1432.24
12.15	1436.84
12.16	1441.45
12.17	1446.07
12.18	1450.7
12.19	1455.35
12.2	1460
12.21	1464.67
12.22	1469.35
12.23	1474.04
12.24	1478.74
12.25	1483.45
12.26	1488.18
12.27	1492.91
12.28	1497.66
12.29	1502.42
12.3	1507.19
12.31	1511.97
12.32	1516.76
12.33	1521.56
12.34	1526.38
12.35	1531.21
12.36	1536.04
12.37	1540.89
12.38	1545.76
12.39	1550.63
12.4	1555.51
12.41	1560.41
12.42	1565.32
12.43	1570.24
12.44	1575.17
12.45	1580.11
12.46	1585.07
12.47	1590.03
12.48	1595.01
12.49	1600
12.5	1605
12.51	1610.02
12.52	1615.04
12.53	1620.08
12.54	1625.13
12.55	1630.19
12.56	1635.26
12.57	1640.35
12.58	1645.45
12.59	1650.56
12.6	1655.68
12.61	1660.81
12.62	1665.95
12.63	1671.11
12.64	1676.28
12.65	1681.46
12.66	1686.65
12.67	1691.86
12.68	1697.08
12.69	1702.31
12.7	1707.55
12.71	1712.8
12.72	1718.07
12.73	1723.35
12.74	1728.64
12.75	1733.94
12.76	1739.26
12.77	1744.58
12.78	1749.92
12.79	1755.28
12.8	1760.64
12.81	1766.02
12.82	1771.41
12.83	1776.81
12.84	1782.22
12.85	1787.65
12.86	1793.09
12.87	1798.54
12.88	1804.01
12.89	1809.48
12.9	1814.97
12.91	1820.48
12.92	1825.99
12.93	1831.52
12.94	1837.06
12.95	1842.61
12.96	1848.17
12.97	1853.75
12.98	1859.34
12.99	1864.95
13	1870.56
13.01	1876.19
13.02	1881.83
13.03	1887.49
13.04	1893.15
13.05	1898.84
13.06	1904.53
13.07	1910.23
13.08	1915.95
13.09	1921.68
13.1	1927.43
13.11	1933.19
13.12	1938.96
13.13	1944.74
13.14	1950.54
13.15	1956.35
13.16	1962.17
13.17	1968.01
13.18	1973.86
13.19	1979.72
13.2	1985.59
13.21	1991.48
13.22	1997.38
13.23	2003.3
13.24	2009.23
13.25	2015.17
13.26	2021.12
13.27	2027.09
13.28	2033.07
13.29	2039.07
13.3	2045.07
13.31	2051.1
13.32	2057.13
13.33	2063.18
13.34	2069.24
13.35	2075.31
13.36	2081.4
13.37	2087.51
13.38	2093.62
13.39	2099.75
13.4	2105.89
13.41	2112.05
13.42	2118.22
13.43	2124.4
13.44	2130.6
13.45	2136.81
13.46	2143.03
13.47	2149.27
13.48	2155.52
13.49	2161.79
13.5	2168.07
13.51	2174.36
13.52	2180.67
13.53	2186.99
13.54	2193.32
13.55	2199.67
13.56	2206.03
13.57	2212.41
13.58	2218.8
13.59	2225.2
13.6	2231.62
13.61	2238.05
13.62	2244.49
13.63	2250.95
13.64	2257.43
13.65	2263.92
13.66	2270.42
13.67	2276.93
13.68	2283.46
13.69	2290.01
13.7	2296.57
13.71	2303.14
13.72	2309.73
13.73	2316.33
13.74	2322.94
13.75	2329.57
13.76	2336.21
13.77	2342.87
13.78	2349.54
13.79	2356.23
13.8	2362.93
13.81	2369.65
13.82	2376.38
13.83	2383.12
13.84	2389.88
13.85	2396.65
13.86	2403.44
13.87	2410.24
13.88	2417.06
13.89	2423.89
13.9	2430.74
13.91	2437.6
13.92	2444.47
13.93	2451.36
13.94	2458.27
13.95	2465.18
13.96	2472.12
13.97	2479.07
13.98	2486.03
13.99	2493.01
14	2500
14.01	2507.01
14.02	2514.03
14.03	2521.07
14.04	2528.12
14.05	2535.19
14.06	2542.27
14.07	2549.36
14.08	2556.48
14.09	2563.6
14.1	2570.74
14.11	2577.9
14.12	2585.07
14.13	2592.26
14.14	2599.46
14.15	2606.68
14.16	2613.91
14.17	2621.16
14.18	2628.42
14.19	2635.7
14.2	2642.99
14.21	2650.3
14.22	2657.62
14.23	2664.96
14.24	2672.31
14.25	2679.68
14.26	2687.06
14.27	2694.46
14.28	2701.88
14.29	2709.31
14.3	2716.76
14.31	2724.22
14.32	2731.69
14.33	2739.19
14.34	2746.69
14.35	2754.22
14.36	2761.75
14.37	2769.31
14.38	2776.88
14.39	2784.46
14.4	2792.07
14.41	2799.68
14.42	2807.31
14.43	2814.96
14.44	2822.63
14.45	2830.31
14.46	2838
14.47	2845.71
14.48	2853.44
14.49	2861.18
14.5	2868.94
14.51	2876.72
14.52	2884.51
14.53	2892.31
14.54	2900.13
14.55	2907.97
14.56	2915.83
14.57	2923.7
14.58	2931.58
14.59	2939.49
14.6	2947.4
14.61	2955.34
14.62	2963.29
14.63	2971.26
14.64	2979.24
14.65	2987.24
14.66	2995.25
14.67	3003.28
14.68	3011.33
14.69	3019.4
14.7	3027.48
14.71	3035.57
14.72	3043.68
14.73	3051.81
14.74	3059.96
14.75	3068.12
14.76	3076.3
14.77	3084.49
14.78	3092.71
14.79	3100.93
14.8	3109.18
14.81	3117.44
14.82	3125.72
14.83	3134.01
14.84	3142.32
14.85	3150.65
14.86	3158.99
14.87	3167.35
14.88	3175.73
14.89	3184.12
14.9	3192.53
14.91	3200.96
14.92	3209.4
14.93	3217.86
14.94	3226.34
14.95	3234.84
14.96	3243.35
14.97	3251.88
14.98	3260.42
14.99	3268.98
15	3277.56
15.01	3286.16
15.02	3294.77
15.03	3303.4
15.04	3312.05
15.05	3320.71
15.06	3329.39
15.07	3338.09
15.08	3346.81
15.09	3355.54
15.1	3364.29
15.11	3373.06
15.12	3381.84
15.13	3390.64
15.14	3399.46
15.15	3408.3
15.16	3417.15
15.17	3426.02
15.18	3434.91
15.19	3443.81
15.2	3452.74
15.21	3461.68
15.22	3470.64
15.23	3479.61
15.24	3488.6
15.25	3497.61
15.26	3506.64
15.27	3515.69
15.28	3524.75
15.29	3533.83
15.3	3542.93
15.31	3552.04
15.32	3561.18
15.33	3570.33
15.34	3579.5
15.35	3588.68
15.36	3597.89
15.37	3607.11
15.38	3616.35
15.39	3625.61
15.4	3634.88
15.41	3644.18
15.42	3653.49
15.43	3662.82
15.44	3672.17
15.45	3681.53
15.46	3690.91
15.47	3700.32
15.48	3709.74
15.49	3719.17
15.5	3728.63
15.51	3738.1
15.52	3747.59
15.53	3757.1
15.54	3766.63
15.55	3776.18
15.56	3785.74
15.57	3795.33
15.58	3804.93
15.59	3814.55
15.6	3824.19
15.61	3833.84
15.62	3843.52
15.63	3853.21
15.64	3862.92
15.65	3872.65
15.66	3882.4
15.67	3892.17
15.68	3901.95
15.69	3911.76
15.7	3921.58
15.71	3931.42
15.72	3941.28
15.73	3951.16
15.74	3961.05
15.75	3970.97
15.76	3980.9
15.77	3990.86
15.78	4000.83
15.79	4010.82
15.8	4020.83
15.81	4030.86
15.82	4040.9
15.83	4050.97
15.84	4061.05
15.85	4071.16
15.86	4081.28
15.87	4091.42
15.88	4101.58
15.89	4111.76
15.9	4121.96
15.91	4132.18
15.92	4142.42
15.93	4152.67
15.94	4162.95
15.95	4173.24
15.96	4183.55
15.97	4193.89
15.98	4204.24
15.99	4214.61
16	4225
16.01	4235.41
16.02	4245.84
16.03	4256.29
16.04	4266.75
16.05	4277.24
16.06	4287.75
16.07	4298.27
16.08	4308.82
16.09	4319.38
16.1	4329.97
16.11	4340.57
16.12	4351.2
16.13	4361.84
16.14	4372.5
16.15	4383.18
16.16	4393.89
16.17	4404.61
16.18	4415.35
16.19	4426.11
16.2	4436.89
16.21	4447.69
16.22	4458.51
16.23	4469.35
16.24	4480.21
16.25	4491.09
16.26	4501.99
16.27	4512.91
16.28	4523.85
16.29	4534.81
16.3	4545.79
16.31	4556.79
16.32	4567.81
16.33	4578.85
16.34	4589.91
16.35	4600.99
16.36	4612.09
16.37	4623.21
16.38	4634.36
16.39	4645.52
16.4	4656.7
16.41	4667.9
16.42	4679.12
16.43	4690.36
16.44	4701.63
16.45	4712.91
16.46	4724.21
16.47	4735.54
16.48	4746.88
16.49	4758.24
16.5	4769.63
16.51	4781.03
16.52	4792.46
16.53	4803.91
16.54	4815.37
16.55	4826.86
16.56	4838.37
16.57	4849.9
16.58	4861.45
16.59	4873.02
16.6	4884.61
16.61	4896.22
16.62	4907.86
16.63	4919.51
16.64	4931.19
16.65	4942.88
16.66	4954.6
16.67	4966.33
16.68	4978.09
16.69	4989.87
16.7	5001.67
16.71	5013.49
16.72	5025.34
16.73	5037.2
16.74	5049.08
16.75	5060.99
16.76	5072.92
16.77	5084.86
16.78	5096.83
16.79	5108.82
16.8	5120.83
16.81	5132.87
16.82	5144.92
16.83	5157
16.84	5169.09
16.85	5181.21
16.86	5193.35
16.87	5205.51
16.88	5217.69
16.89	5229.9
16.9	5242.12
16.91	5254.37
16.92	5266.64
16.93	5278.93
16.94	5291.24
16.95	5303.57
16.96	5315.93
16.97	5328.3
16.98	5340.7
16.99	5353.12
17	5365.56
17.01	5378.03
17.02	5390.51
17.03	5403.02
17.04	5415.55
17.05	5428.1
17.06	5440.67
17.07	5453.26
17.08	5465.88
17.09	5478.52
17.1	5491.18
17.11	5503.86
17.12	5516.57
17.13	5529.29
17.14	5542.04
17.15	5554.81
17.16	5567.61
17.17	5580.42
17.18	5593.26
17.19	5606.12
17.2	5619
17.21	5631.91
17.22	5644.83
17.23	5657.78
17.24	5670.75
17.25	5683.75
17.26	5696.76
17.27	5709.8
17.28	5722.86
17.29	5735.95
17.3	5749.05
17.31	5762.18
17.32	5775.33
17.33	5788.5
17.34	5801.7
17.35	5814.92
17.36	5828.16
17.37	5841.43
17.38	5854.71
17.39	5868.02
17.4	5881.36
17.41	5894.71
17.42	5908.09
17.43	5921.49
17.44	5934.92
17.45	5948.36
17.46	5961.83
17.47	5975.32
17.48	5988.84
17.49	6002.38
17.5	6015.94
17.51	6029.53
17.52	6043.13
17.53	6056.77
17.54	6070.42
17.55	6084.1
17.56	6097.8
17.57	6111.52
17.58	6125.27
17.59	6139.04
17.6	6152.83
17.61	6166.65
17.62	6180.49
17.63	6194.36
17.64	6208.24
17.65	6222.15
17.66	6236.09
17.67	6250.04
17.68	6264.03
17.69	6278.03
17.7	6292.06
17.71	6306.11
17.72	6320.19
17.73	6334.29
17.74	6348.41
17.75	6362.55
17.76	6376.73
17.77	6390.92
17.78	6405.14
17.79	6419.38
17.8	6433.64
17.81	6447.93
17.82	6462.25
17.83	6476.58
17.84	6490.94
17.85	6505.33
17.86	6519.74
17.87	6534.17
17.88	6548.63
17.89	6563.11
17.9	6577.62
17.91	6592.14
17.92	6606.7
17.93	6621.28
17.94	6635.88
17.95	6650.5
17.96	6665.15
17.97	6679.83
17.98	6694.53
17.99	6709.25
18	6724
18.01	6738.77
18.02	6753.57
18.03	6768.39
18.04	6783.24
18.05	6798.11
18.06	6813
18.07	6827.92
18.08	6842.86
18.09	6857.83
18.1	6872.82
18.11	6887.84
18.12	6902.88
18.13	6917.95
18.14	6933.04
18.15	6948.16
18.16	6963.3
18.17	6978.47
18.18	6993.66
18.19	7008.88
18.2	7024.12
18.21	7039.38
18.22	7054.67
18.23	7069.99
18.24	7085.33
18.25	7100.7
18.26	7116.09
18.27	7131.5
18.28	7146.94
18.29	7162.41
18.3	7177.9
18.31	7193.42
18.32	7208.96
18.33	7224.53
18.34	7240.12
18.35	7255.74
18.36	7271.38
18.37	7287.05
18.38	7302.75
18.39	7318.46
18.4	7334.21
18.41	7349.98
18.42	7365.78
18.43	7381.6
18.44	7397.44
18.45	7413.32
18.46	7429.22
18.47	7445.14
18.48	7461.09
18.49	7477.07
18.5	7493.07
18.51	7509.09
18.52	7525.15
18.53	7541.22
18.54	7557.33
18.55	7573.46
18.56	7589.62
18.57	7605.8
18.58	7622.01
18.59	7638.24
18.6	7654.5
18.61	7670.79
18.62	7687.1
18.63	7703.44
18.64	7719.8
18.65	7736.19
18.66	7752.61
18.67	7769.05
18.68	7785.52
18.69	7802.02
18.7	7818.54
18.71	7835.09
18.72	7851.66
18.73	7868.26
18.74	7884.89
18.75	7901.54
18.76	7918.22
18.77	7934.93
18.78	7951.66
18.79	7968.42
18.8	7985.21
18.81	8002.02
18.82	8018.86
18.83	8035.73
18.84	8052.62
18.85	8069.54
18.86	8086.49
18.87	8103.46
18.88	8120.46
18.89	8137.49
18.9	8154.54
18.91	8171.62
18.92	8188.73
18.93	8205.86
18.94	8223.03
18.95	8240.21
18.96	8257.43
18.97	8274.67
18.98	8291.94
18.99	8309.24
19	8326.56
19.01	8343.91
19.02	8361.29
19.03	8378.7
19.04	8396.13
19.05	8413.59
19.06	8431.08
19.07	8448.59
19.08	8466.13
19.09	8483.7
19.1	8501.3
19.11	8518.93
19.12	8536.58
19.13	8554.26
19.14	8571.96
19.15	8589.7
19.16	8607.46
19.17	8625.25
19.18	8643.07
19.19	8660.91
19.2	8678.79
19.21	8696.69
19.22	8714.61
19.23	8732.57
19.24	8750.55
19.25	8768.57
19.26	8786.61
19.27	8804.67
19.28	8822.77
19.29	8840.89
19.3	8859.05
19.31	8877.22
19.32	8895.43
19.33	8913.67
19.34	8931.93
19.35	8950.22
19.36	8968.54
19.37	8986.89
19.38	9005.27
19.39	9023.67
19.4	9042.11
19.41	9060.57
19.42	9079.06
19.43	9097.58
19.44	9116.12
19.45	9134.7
19.46	9153.3
19.47	9171.94
19.48	9190.6
19.49	9209.29
19.5	9228
19.51	9246.75
19.52	9265.53
19.53	9284.33
19.54	9303.16
19.55	9322.02
19.56	9340.91
19.57	9359.83
19.58	9378.78
19.59	9397.76
19.6	9416.76
19.61	9435.8
19.62	9454.86
19.63	9473.95
19.64	9493.07
19.65	9512.22
19.66	9531.4
19.67	9550.61
19.68	9569.85
19.69	9589.11
19.7	9608.41
19.71	9627.74
19.72	9647.09
19.73	9666.47
19.74	9685.89
19.75	9705.33
19.76	9724.8
19.77	9744.3
19.78	9763.83
19.79	9783.39
19.8	9802.98
19.81	9822.6
19.82	9842.25
19.83	9861.92
19.84	9881.63
19.85	9901.37
19.86	9921.14
19.87	9940.93
19.88	9960.76
19.89	9980.61
19.9	10000.5
19.91	10020.4
19.92	10040.4
19.93	10060.3
19.94	10080.3
19.95	10100.4
19.96	10120.4
19.97	10140.5
19.98	10160.7
19.99	10180.8
