0	1	0
0.01	0.999588	-0.0824569
0.02	0.998351	-0.16487
0.03	0.996291	-0.247196
0.04	0.993408	-0.32939
0.05	0.989703	-0.411407
0.06	0.98518	-0.493204
0.07	0.97984	-0.574733
0.08	0.973687	-0.655948
0.09	0.966722	-0.736802
0.1	0.958952	-0.817245
0.11	0.950379	-0.897228
0.12	0.941009	-0.976701
0.13	0.930847	-1.05561
0.14	0.919899	-1.1339
0.15	0.908171	-1.21152
0.16	0.895671	-1.2884
0.17	0.882406	-1.3645
0.18	0.868384	-1.43975
0.19	0.853614	-1.51408
0.2	0.838105	-1.58744
0.21	0.821869	-1.65976
0.22	0.804914	-1.73097
0.23	0.787253	-1.80101
0.24	0.768898	-1.8698
0.25	0.749861	-1.93727
0.26	0.730157	-2.00336
0.27	0.709799	-2.06798
0.28	0.688803	-2.13106
0.29	0.667183	-2.19253
0.3	0.644958	-2.25232
0.31	0.622143	-2.31034
0.32	0.598757	-2.36652
0.33	0.574819	-2.42078
0.34	0.550348	-2.47305
0.35	0.525365	-2.52326
0.36	0.49989	-2.57133
0.37	0.473945	-2.61718
0.38	0.447554	-2.66076
0.39	0.420738	-2.70198
0.4	0.393522	-2.74079
0.41	0.365931	-2.77712
0.42	0.337988	-2.8109
0.43	0.309721	-2.84209
0.44	0.281155	-2.87063
0.45	0.252318	-2.89646
0.46	0.223235	-2.91954
0.47	0.193936	-2.93984
0.48	0.164448	-2.9573
0.49	0.1348	-2.97191
0.5	0.105019	-2.98364
0.51	0.0751365	-2.99245
0.52	0.0451801	-2.99835
0.53	0.0151794	-3.0013
0.54	-0.0148362	-3.00132
0.55	-0.0448372	-2.9984
0.56	-0.0747943	-2.99254
0.57	-0.104678	-2.98375
0.58	-0.13446	-2.97206
0.59	-0.16411	-2.95749
0.6	-0.1936	-2.94005
0.61	-0.222901	-2.91979
0.62	-0.251986	-2.89674
0.63	-0.280827	-2.87094
0.64	-0.309396	-2.84243
0.65	-0.337667	-2.81127
0.66	-0.365613	-2.77752
0.67	-0.393209	-2.74122
0.68	-0.420429	-2.70244
0.69	-0.447249	-2.66124
0.7	-0.473646	-2.6177
0.71	-0.499596	-2.57187
0.72	-0.525076	-2.52382
0.73	-0.550065	-2.47364
0.74	-0.574542	-2.42139
0.75	-0.598486	-2.36715
0.76	-0.621878	-2.31099
0.77	-0.6447	-2.25299
0.78	-0.666932	-2.19323
0.79	-0.688559	-2.13177
0.8	-0.709563	-2.06871
0.81	-0.729928	-2.0041
0.82	-0.74964	-1.93804
0.83	-0.768684	-1.87058
0.84	-0.787047	-1.8018
0.85	-0.804716	-1.73178
0.86	-0.821679	-1.66058
0.87	-0.837924	-1.58828
0.88	-0.853441	-1.51493
0.89	-0.868219	-1.4406
0.9	-0.88225	-1.36536
0.91	-0.895524	-1.28928
0.92	-0.908033	-1.2124
0.93	-0.919769	-1.13479
0.94	-0.930726	-1.05651
0.95	-0.940897	-0.977606
0.96	-0.950276	-0.89814
0.97	-0.958858	-0.818163
0.98	-0.966638	-0.737724
0.99	-0.973611	-0.656875
1	-0.979774	-0.575663
1.01	-0.985124	-0.494138
1.02	-0.989656	-0.412344
1.03	-0.99337	-0.330329
1.04	-0.996262	-0.248137
1.05	-0.998332	-0.165812
1.06	-0.999578	-0.0833997
1.07	-1	-0.000943104
1.08	-0.999597	0.081514
1.09	-0.99837	0.163928
1.1	-0.996319	0.246255
1.11	-0.993445	0.328451
1.12	-0.98975	0.410471
1.13	-0.985236	0.49227
1.14	-0.979906	0.573802
1.15	-0.973761	0.655021
1.16	-0.966807	0.735879
1.17	-0.959045	0.816328
1.18	-0.950482	0.896317
1.19	-0.941121	0.975795
1.2	-0.930968	1.05471
1.21	-0.920028	1.13301
1.22	-0.90831	1.21063
1.23	-0.895818	1.28753
1.24	-0.882562	1.36363
1.25	-0.868548	1.43889
1.26	-0.853787	1.51324
1.27	-0.838287	1.58661
1.28	-0.822058	1.65894
1.29	-0.805112	1.73017
1.3	-0.787459	1.80022
1.31	-0.769112	1.86902
1.32	-0.750083	1.93651
1.33	-0.730386	2.00261
1.34	-0.710036	2.06725
1.35	-0.689046	2.13035
1.36	-0.667434	2.19184
1.37	-0.645215	2.25164
1.38	-0.622407	2.30968
1.39	-0.599028	2.36588
1.4	-0.575096	2.42017
1.41	-0.550631	2.47247
1.42	-0.525653	2.5227
1.43	-0.500184	2.57079
1.44	-0.474245	2.61667
1.45	-0.447858	2.66027
1.46	-0.421047	2.70153
1.47	-0.393836	2.74036
1.48	-0.366248	2.77672
1.49	-0.33831	2.81053
1.5	-0.310046	2.84175
1.51	-0.281484	2.87031
1.52	-0.252649	2.89618
1.53	-0.223569	2.91929
1.54	-0.194272	2.93962
1.55	-0.164786	2.95712
1.56	-0.135139	2.97176
1.57	-0.105361	2.98352
1.58	-0.0754788	2.99237
1.59	-0.045523	2.99829
1.6	-0.0155226	3.00129
1.61	0.0144929	3.00134
1.62	0.0444943	2.99845
1.63	0.074452	2.99262
1.64	0.104337	2.98387
1.65	0.13412	2.97221
1.66	0.163772	2.95767
1.67	0.193264	2.94027
1.68	0.222568	2.92004
1.69	0.251655	2.89702
1.7	0.280499	2.87125
1.71	0.309071	2.84277
1.72	0.337345	2.81165
1.73	0.365295	2.77792
1.74	0.392895	2.74165
1.75	0.42012	2.7029
1.76	0.446945	2.66173
1.77	0.473347	2.61821
1.78	0.499302	2.5724
1.79	0.524787	2.52438
1.8	0.549782	2.47422
1.81	0.574265	2.422
1.82	0.598215	2.36778
1.83	0.621614	2.31164
1.84	0.644442	2.25366
1.85	0.666682	2.19392
1.86	0.688315	2.13249
1.87	0.709326	2.06944
1.88	0.729699	2.00485
1.89	0.749418	1.9388
1.9	0.76847	1.87136
1.91	0.786841	1.8026
1.92	0.804518	1.73259
1.93	0.821489	1.6614
1.94	0.837742	1.58911
1.95	0.853267	1.51577
1.96	0.868054	1.44146
1.97	0.882093	1.36623
1.98	0.895376	1.29015
1.99	0.907894	1.21328
2	0.919639	1.13568
2.01	0.930605	1.05741
2.02	0.940785	0.978512
2.03	0.950174	0.899052
2.04	0.958765	0.81908
2.05	0.966554	0.738646
2.06	0.973536	0.657802
2.07	0.979709	0.576594
2.08	0.985067	0.495072
2.09	0.989609	0.413281
2.1	0.993332	0.331268
2.11	0.996234	0.249077
2.12	0.998313	0.166754
2.13	0.999569	0.0843426
2.14	1	0.00188621
2.15	0.999606	-0.0805712
2.16	0.998389	-0.162986
2.17	0.996347	-0.245314
2.18	0.993483	-0.327511
2.19	0.989797	-0.409534
2.2	0.985293	-0.491336
2.21	0.979971	-0.572871
2.22	0.973836	-0.654094
2.23	0.966891	-0.734957
2.24	0.959139	-0.81541
2.25	0.950584	-0.895405
2.26	0.941232	-0.974889
2.27	0.931088	-1.05381
2.28	0.920158	-1.13212
2.29	0.908448	-1.20975
2.3	0.895965	-1.28665
2.31	0.882718	-1.36277
2.32	0.868713	-1.43804
2.33	0.85396	-1.51239
2.34	0.838468	-1.58578
2.35	0.822248	-1.65812
2.36	0.80531	-1.72936
2.37	0.787665	-1.79942
2.38	0.769325	-1.86824
2.39	0.750304	-1.93575
2.4	0.730615	-2.00186
2.41	0.710272	-2.06652
2.42	0.68929	-2.12964
2.43	0.667685	-2.19115
2.44	0.645473	-2.25097
2.45	0.622671	-2.30903
2.46	0.599298	-2.36525
2.47	0.575372	-2.41956
2.48	0.550913	-2.47188
2.49	0.525942	-2.52214
2.5	0.500478	-2.57025
2.51	0.474544	-2.61616
2.52	0.448162	-2.65979
2.53	0.421356	-2.70107
2.54	0.394149	-2.73993
2.55	0.366566	-2.77631
2.56	0.338631	-2.81016
2.57	0.310371	-2.84141
2.58	0.281812	-2.87
2.59	0.25298	-2.8959
2.6	0.223903	-2.91905
2.61	0.194609	-2.9394
2.62	0.165124	-2.95694
2.63	0.135479	-2.97161
2.64	0.105702	-2.9834
2.65	0.075821	-2.99228
2.66	0.0458659	-2.99824
2.67	0.0158659	-3.00127
2.68	-0.0141497	-3.00135
2.69	-0.0441513	-2.9985
2.7	-0.0741098	-2.9927
2.71	-0.103996	-2.98399
2.72	-0.13378	-2.97236
2.73	-0.163433	-2.95785
2.74	-0.192927	-2.94048
2.75	-0.222234	-2.92028
2.76	-0.251324	-2.8973
2.77	-0.28017	-2.87156
2.78	-0.308746	-2.84311
2.79	-0.337024	-2.81202
2.8	-0.364978	-2.77832
2.81	-0.392582	-2.74208
2.82	-0.419811	-2.70336
2.83	-0.446641	-2.66221
2.84	-0.473047	-2.61872
2.85	-0.499007	-2.57294
2.86	-0.524499	-2.52494
2.87	-0.549499	-2.47481
2.88	-0.573988	-2.42261
2.89	-0.597945	-2.36841
2.9	-0.62135	-2.31229
2.91	-0.644184	-2.25434
2.92	-0.666431	-2.19461
2.93	-0.688071	-2.1332
2.94	-0.709089	-2.07017
2.95	-0.729469	-2.0056
2.96	-0.749196	-1.93956
2.97	-0.768256	-1.87214
2.98	-0.786635	-1.80339
2.99	-0.80432	-1.7334
3	-0.821299	-1.66222
3.01	-0.83756	-1.58994
3.02	-0.853094	-1.51662
3.03	-0.867889	-1.44231
3.04	-0.881937	-1.3671
3.05	-0.895228	-1.29103
3.06	-0.907755	-1.21417
3.07	-0.919509	-1.13657
3.08	-0.930484	-1.05831
3.09	-0.940673	-0.979417
3.1	-0.950071	-0.899964
3.11	-0.958671	-0.819997
3.12	-0.966469	-0.739569
3.13	-0.973461	-0.658728
3.14	-0.979643	-0.577525
3.15	-0.98501	-0.496006
3.16	-0.989562	-0.414218
3.17	-0.993294	-0.332207
3.18	-0.996205	-0.250018
3.19	-0.998294	-0.167696
3.2	-0.999559	-0.0852854
3.21	-1	-0.00282931
3.22	-0.999616	0.0796283
3.23	-0.998407	0.162044
3.24	-0.996375	0.244373
3.25	-0.99352	0.326572
3.26	-0.989844	0.408597
3.27	-0.985349	0.490401
3.28	-0.980037	0.57194
3.29	-0.973911	0.653167
3.3	-0.966975	0.734034
3.31	-0.959232	0.814492
3.32	-0.950686	0.894492
3.33	-0.941344	0.973983
3.34	-0.931209	1.05291
3.35	-0.920287	1.13122
3.36	-0.908586	1.20886
3.37	-0.896113	1.28578
3.38	-0.882874	1.3619
3.39	-0.868877	1.43718
3.4	-0.854133	1.51155
3.41	-0.83865	1.58494
3.42	-0.822438	1.6573
3.43	-0.805507	1.72855
3.44	-0.78787	1.79863
3.45	-0.769539	1.86746
3.46	-0.750526	1.93498
3.47	-0.730844	2.00111
3.48	-0.710508	2.06579
3.49	-0.689533	2.12892
3.5	-0.667935	2.19045
3.51	-0.64573	2.25029
3.52	-0.622935	2.30838
3.53	-0.599569	2.36462
3.54	-0.575649	2.41895
3.55	-0.551196	2.47129
3.56	-0.52623	2.52157
3.57	-0.500772	2.56971
3.58	-0.474843	2.61565
3.59	-0.448466	2.6593
3.6	-0.421665	2.70061
3.61	-0.394462	2.7395
3.62	-0.366883	2.77591
3.63	-0.338953	2.80979
3.64	-0.310696	2.84106
3.65	-0.28214	2.86969
3.66	-0.253311	2.89562
3.67	-0.224237	2.9188
3.68	-0.194945	2.93919
3.69	-0.165463	2.95675
3.7	-0.135819	2.97146
3.71	-0.106043	2.98328
3.72	-0.0761632	2.9922
3.73	-0.0462088	2.99819
3.74	-0.0162091	3.00125
3.75	0.0138064	3.00137
3.76	0.0438084	2.99854
3.77	0.0737675	2.99279
3.78	0.103654	2.9841
3.79	0.13344	2.97251
3.8	0.163095	2.95804
3.81	0.192591	2.9407
3.82	0.2219	2.92053
3.83	0.250992	2.89757
3.84	0.279842	2.87187
3.85	0.308421	2.84345
3.86	0.336702	2.81239
3.87	0.36466	2.77872
3.88	0.392268	2.74251
3.89	0.419502	2.70381
3.9	0.446336	2.6627
3.91	0.472748	2.61923
3.92	0.498713	2.57347
3.93	0.52421	2.52551
3.94	0.549216	2.4754
3.95	0.573711	2.42322
3.96	0.597674	2.36904
3.97	0.621085	2.31295
3.98	0.643927	2.25501
3.99	0.66618	2.19531
4	0.687827	2.13391
4.01	0.708852	2.0709
4.02	0.72924	2.00635
4.03	0.748974	1.94033
4.04	0.768042	1.87292
4.05	0.786428	1.80418
4.06	0.804121	1.7342
4.07	0.821108	1.66304
4.08	0.837378	1.59077
4.09	0.85292	1.51746
4.1	0.867724	1.44317
4.11	0.881781	1.36796
4.12	0.895081	1.2919
4.13	0.907616	1.21505
4.14	0.919379	1.13746
4.15	0.930363	1.0592
4.16	0.940561	0.980323
4.17	0.949968	0.900876
4.18	0.958577	0.820914
4.19	0.966385	0.740491
4.2	0.973386	0.659655
4.21	0.979576	0.578455
4.22	0.984954	0.496939
4.23	0.989514	0.415154
4.24	0.993256	0.333146
4.25	0.996177	0.250959
4.26	0.998275	0.168638
4.27	0.999549	0.0862282
4.28	0.999999	0.00377241
4.29	0.999625	-0.0786854
4.3	0.998426	-0.161102
4.31	0.996403	-0.243432
4.32	0.993557	-0.325633
4.33	0.989891	-0.40766
4.34	0.985405	-0.489467
4.35	0.980102	-0.57101
4.36	0.973986	-0.65224
4.37	0.967059	-0.733112
4.38	0.959325	-0.813575
4.39	0.950789	-0.89358
4.4	0.941455	-0.973077
4.41	0.931329	-1.05201
4.42	0.920417	-1.13033
4.43	0.908725	-1.20798
4.44	0.89626	-1.2849
4.45	0.883029	-1.36104
4.46	0.869042	-1.43632
4.47	0.854306	-1.5107
4.48	0.838831	-1.58411
4.49	0.822627	-1.65648
4.5	0.805705	-1.72774
4.51	0.788076	-1.79783
4.52	0.769752	-1.86668
4.53	0.750747	-1.93422
4.54	0.731073	-2.00037
4.55	0.710744	-2.06506
4.56	0.689777	-2.12821
4.57	0.668186	-2.18976
4.58	0.645987	-2.24962
4.59	0.623199	-2.30772
4.6	0.599839	-2.36399
4.61	0.575926	-2.41834
4.62	0.551479	-2.47071
4.63	0.526518	-2.52101
4.64	0.501066	-2.56918
4.65	0.475142	-2.61514
4.66	0.448771	-2.65882
4.67	0.421974	-2.70015
4.68	0.394776	-2.73907
4.69	0.367201	-2.77551
4.7	0.339274	-2.80941
4.71	0.311021	-2.84072
4.72	0.282468	-2.86938
4.73	0.253642	-2.89534
4.74	0.224571	-2.91855
4.75	0.195281	-2.93897
4.76	0.165801	-2.95657
4.77	0.136159	-2.97131
4.78	0.106384	-2.98316
4.79	0.0765054	-2.99211
4.8	0.0465517	-2.99814
4.81	0.0165524	-3.00123
4.82	-0.0134632	-3.00138
4.83	-0.0434655	-2.99859
4.84	-0.0734252	-2.99287
4.85	-0.103313	-2.98422
4.86	-0.1331	-2.97266
4.87	-0.162757	-2.95822
4.88	-0.192255	-2.94091
4.89	-0.221566	-2.92078
4.9	-0.250661	-2.89785
4.91	-0.279513	-2.87218
4.92	-0.308095	-2.84379
4.93	-0.33638	-2.81276
4.94	-0.364342	-2.77912
4.95	-0.391954	-2.74294
4.96	-0.419192	-2.70427
4.97	-0.446032	-2.66318
4.98	-0.472448	-2.61974
4.99	-0.498419	-2.57401
5	-0.523921	-2.52607
5.01	-0.548933	-2.47598
5.02	-0.573434	-2.42382
5.03	-0.597403	-2.36967
5.04	-0.620821	-2.3136
5.05	-0.643669	-2.25568
5.06	-0.665928	-2.196
5.07	-0.687583	-2.13462
5.08	-0.708616	-2.07163
5.09	-0.72901	-2.00709
5.1	-0.748752	-1.94109
5.11	-0.767828	-1.87369
5.12	-0.786222	-1.80498
5.13	-0.803923	-1.73501
5.14	-0.820918	-1.66386
5.15	-0.837197	-1.59161
5.16	-0.852747	-1.5183
5.17	-0.867559	-1.44402
5.18	-0.881624	-1.36883
5.19	-0.894933	-1.29278
5.2	-0.907477	-1.21593
5.21	-0.919249	-1.13836
5.22	-0.930242	-1.0601
5.23	-0.940449	-0.981228
5.24	-0.949865	-0.901787
5.25	-0.958483	-0.821832
5.26	-0.9663	-0.741413
5.27	-0.97331	-0.660582
5.28	-0.97951	-0.579386
5.29	-0.984897	-0.497873
5.3	-0.989467	-0.416091
5.31	-0.993218	-0.334085
5.32	-0.996148	-0.2519
5.33	-0.998255	-0.16958
5.34	-0.999539	-0.0871711
5.35	-0.999999	-0.00471551
5.36	-0.999633	0.0777425
5.37	-0.998444	0.160159
5.38	-0.996431	0.242491
5.39	-0.993595	0.324694
5.4	-0.989937	0.406723
5.41	-0.985461	0.488533
5.42	-0.980168	0.570079
5.43	-0.97406	0.651313
5.44	-0.967142	0.732189
5.45	-0.959418	0.812657
5.46	-0.950891	0.892668
5.47	-0.941566	0.972171
5.48	-0.931449	1.05111
5.49	-0.920546	1.12944
5.5	-0.908863	1.2071
5.51	-0.896406	1.28403
5.52	-0.883185	1.36017
5.53	-0.869206	1.43547
5.54	-0.854478	1.50986
5.55	-0.839012	1.58328
5.56	-0.822816	1.65566
5.57	-0.805903	1.72693
5.58	-0.788282	1.79704
5.59	-0.769966	1.8659
5.6	-0.750968	1.93345
5.61	-0.731302	1.99962
5.62	-0.710981	2.06432
5.63	-0.69002	2.1275
5.64	-0.668436	2.18906
5.65	-0.646244	2.24895
5.66	-0.623463	2.30707
5.67	-0.600109	2.36335
5.68	-0.576202	2.41773
5.69	-0.551761	2.47012
5.7	-0.526807	2.52045
5.71	-0.501359	2.56864
5.72	-0.475441	2.61462
5.73	-0.449075	2.65833
5.74	-0.422283	2.69969
5.75	-0.395089	2.73864
5.76	-0.367518	2.77511
5.77	-0.339595	2.80904
5.78	-0.311346	2.84038
5.79	-0.282796	2.86907
5.8	-0.253974	2.89505
5.81	-0.224904	2.9183
5.82	-0.195617	2.93875
5.83	-0.166139	2.95638
5.84	-0.136499	2.97116
5.85	-0.106725	2.98304
5.86	-0.0768476	2.99203
5.87	-0.0468945	2.99809
5.88	-0.0168956	3.00121
5.89	0.0131199	3.0014
5.9	0.0431226	2.99864
5.91	0.073083	2.99295
5.92	0.102972	2.98433
5.93	0.13276	2.97281
5.94	0.162418	2.9584
5.95	0.191918	2.94113
5.96	0.221231	2.92102
5.97	0.25033	2.89813
5.98	0.279185	2.87248
5.99	0.30777	2.84413
6	0.336059	2.81313
6.01	0.364024	2.77952
6.02	0.391641	2.74336
6.03	0.418883	2.70472
6.04	0.445727	2.66366
6.05	0.472149	2.62025
6.06	0.498124	2.57455
6.07	0.523632	2.52663
6.08	0.54865	2.47656
6.09	0.573156	2.42443
6.1	0.597132	2.3703
6.11	0.620556	2.31425
6.12	0.643411	2.25636
6.13	0.665677	2.19669
6.14	0.687339	2.13533
6.15	0.708379	2.07236
6.16	0.728781	2.00784
6.17	0.74853	1.94185
6.18	0.767613	1.87447
6.19	0.786015	1.80577
6.2	0.803724	1.73582
6.21	0.820728	1.66468
6.22	0.837014	1.59244
6.23	0.852573	1.51915
6.24	0.867394	1.44488
6.25	0.881468	1.36969
6.26	0.894785	1.29365
6.27	0.907338	1.21682
6.28	0.919119	1.13925
6.29	0.930121	1.061
6.3	0.940337	0.982134
6.31	0.949762	0.902699
6.32	0.958389	0.822749
6.33	0.966215	0.742335
6.34	0.973234	0.661508
6.35	0.979444	0.580316
6.36	0.98484	0.498807
6.37	0.989419	0.417028
6.38	0.99318	0.335024
6.39	0.996119	0.25284
6.4	0.998236	0.170522
6.41	0.999529	0.0881139
6.42	0.999998	0.00565861
6.43	0.999642	-0.0767997
6.44	0.998462	-0.159217
6.45	0.996458	-0.24155
6.46	0.993632	-0.323755
6.47	0.989984	-0.405786
6.48	0.985517	-0.487599
6.49	0.980233	-0.569148
6.5	0.974135	-0.650386
6.51	0.967226	-0.731266
6.52	0.959511	-0.811739
6.53	0.950993	-0.891756
6.54	0.941677	-0.971265
6.55	0.931569	-1.05021
6.56	0.920675	-1.12855
6.57	0.909001	-1.20621
6.58	0.896553	-1.28315
6.59	0.88334	-1.3593
6.6	0.86937	-1.43461
6.61	0.854651	-1.50901
6.62	0.839193	-1.58244
6.63	0.823006	-1.65483
6.64	0.8061	-1.72612
6.65	0.788487	-1.79624
6.66	0.770179	-1.86512
6.67	0.751189	-1.93269
6.68	0.73153	-1.99887
6.69	0.711217	-2.06359
6.7	0.690263	-2.12678
6.71	0.668686	-2.18837
6.72	0.646502	-2.24827
6.73	0.623727	-2.30641
6.74	0.60038	-2.36272
6.75	0.576479	-2.41712
6.76	0.552044	-2.46953
6.77	0.527095	-2.51988
6.78	0.501653	-2.5681
6.79	0.47574	-2.61411
6.8	0.449379	-2.65784
6.81	0.422591	-2.69923
6.82	0.395402	-2.73821
6.83	0.367835	-2.77471
6.84	0.339916	-2.80867
6.85	0.311671	-2.84003
6.86	0.283125	-2.86875
6.87	0.254305	-2.89477
6.88	0.225238	-2.91805
6.89	0.195953	-2.93853
6.9	0.166477	-2.9562
6.91	0.136839	-2.971
6.92	0.107067	-2.98293
6.93	0.0771897	-2.99194
6.94	0.0472374	-2.99803
6.95	0.0172388	-3.00119
6.96	-0.0127766	-3.00141
6.97	-0.0427796	-2.99869
6.98	-0.0727407	-2.99303
6.99	-0.102631	-2.98445
7	-0.13242	-2.97296
7.01	-0.16208	-2.95858
7.02	-0.191582	-2.94134
7.03	-0.220897	-2.92127
7.04	-0.249998	-2.89841
7.05	-0.278856	-2.87279
7.06	-0.307445	-2.84447
7.07	-0.335737	-2.8135
7.08	-0.363706	-2.77992
7.09	-0.391327	-2.74379
7.1	-0.418574	-2.70518
7.11	-0.445422	-2.66415
7.12	-0.471849	-2.62076
7.13	-0.49783	-2.57508
7.14	-0.523343	-2.52719
7.15	-0.548367	-2.47715
7.16	-0.572879	-2.42504
7.17	-0.596861	-2.37093
7.18	-0.620291	-2.3149
7.19	-0.643153	-2.25703
7.2	-0.665426	-2.19738
7.21	-0.687095	-2.13604
7.22	-0.708141	-2.07309
7.23	-0.728551	-2.00859
7.24	-0.748308	-1.94262
7.25	-0.767399	-1.87525
7.26	-0.785809	-1.80656
7.27	-0.803526	-1.73663
7.28	-0.820537	-1.6655
7.29	-0.836832	-1.59327
7.3	-0.852399	-1.51999
7.31	-0.867229	-1.44573
7.32	-0.881311	-1.37056
7.33	-0.894637	-1.29452
7.34	-0.907199	-1.2177
7.35	-0.918989	-1.14014
7.36	-0.929999	-1.0619
7.37	-0.940225	-0.983039
7.38	-0.949658	-0.90361
7.39	-0.958295	-0.823666
7.4	-0.96613	-0.743257
7.41	-0.973159	-0.662435
7.42	-0.979377	-0.581247
7.43	-0.984783	-0.499741
7.44	-0.989371	-0.417964
7.45	-0.993141	-0.335963
7.46	-0.99609	-0.253781
7.47	-0.998216	-0.171464
7.48	-0.999519	-0.0890567
7.49	-0.999997	-0.00660171
7.5	-0.999651	0.0758568
7.51	-0.99848	0.158275
7.52	-0.996486	0.240609
7.53	-0.993669	0.322815
7.54	-0.99003	0.404849
7.55	-0.985572	0.486665
7.56	-0.980298	0.568217
7.57	-0.974209	0.649459
7.58	-0.96731	0.730343
7.59	-0.959604	0.810821
7.6	-0.951095	0.890844
7.61	-0.941788	0.970358
7.62	-0.931689	1.04931
7.63	-0.920804	1.12766
7.64	-0.909139	1.20533
7.65	-0.8967	1.28228
7.66	-0.883496	1.35844
7.67	-0.869534	1.43376
7.68	-0.854824	1.50817
7.69	-0.839374	1.58161
7.7	-0.823195	1.65401
7.71	-0.806297	1.72532
7.72	-0.788693	1.79545
7.73	-0.770393	1.86434
7.74	-0.75141	1.93192
7.75	-0.731759	1.99812
7.76	-0.711453	2.06286
7.77	-0.690507	2.12607
7.78	-0.668937	2.18767
7.79	-0.646759	2.24759
7.8	-0.62399	2.30576
7.81	-0.60065	2.36209
7.82	-0.576755	2.41651
7.83	-0.552326	2.46894
7.84	-0.527383	2.51932
7.85	-0.501947	2.56756
7.86	-0.476039	2.6136
7.87	-0.449683	2.65736
7.88	-0.4229	2.69877
7.89	-0.395715	2.73777
7.9	-0.368153	2.7743
7.91	-0.340238	2.80829
7.92	-0.311995	2.83969
7.93	-0.283453	2.86844
7.94	-0.254636	2.89449
7.95	-0.225572	2.9178
7.96	-0.196289	2.93832
7.97	-0.166815	2.95601
7.98	-0.137178	2.97085
7.99	-0.107408	2.98281
8	-0.0775319	2.99185
8.01	-0.0475803	2.99798
8.02	-0.0175821	3.00117
8.03	0.0124334	3.00143
8.04	0.0424367	2.99874
8.05	0.0723984	2.99311
8.06	0.102289	2.98456
8.07	0.13208	2.97311
8.08	0.161742	2.95876
8.09	0.191246	2.94155
8.1	0.220563	2.92152
8.11	0.249667	2.89868
8.12	0.278528	2.8731
8.13	0.30712	2.84481
8.14	0.335415	2.81387
8.15	0.363388	2.78032
8.16	0.391013	2.74422
8.17	0.418264	2.70564
8.18	0.445118	2.66463
8.19	0.471549	2.62127
8.2	0.497535	2.57562
8.21	0.523054	2.52775
8.22	0.548083	2.47773
8.23	0.572602	2.42565
8.24	0.596589	2.37156
8.25	0.620027	2.31555
8.26	0.642894	2.2577
8.27	0.665175	2.19807
8.28	0.68685	2.13675
8.29	0.707904	2.07381
8.3	0.728321	2.00933
8.31	0.748086	1.94338
8.32	0.767184	1.87603
8.33	0.785602	1.80736
8.34	0.803327	1.73743
8.35	0.820347	1.66632
8.36	0.83665	1.5941
8.37	0.852226	1.52084
8.38	0.867063	1.44659
8.39	0.881154	1.37142
8.4	0.894489	1.2954
8.41	0.90706	1.21858
8.42	0.918858	1.14103
8.43	0.929878	1.0628
8.44	0.940112	0.983944
8.45	0.949555	0.904522
8.46	0.958201	0.824583
8.47	0.966045	0.744179
8.48	0.973083	0.663361
8.49	0.979311	0.582177
8.5	0.984725	0.500675
8.51	0.989324	0.418901
8.52	0.993103	0.336902
8.53	0.996061	0.254722
8.54	0.998197	0.172406
8.55	0.999509	0.0899995
8.56	0.999997	0.00754481
8.57	0.99966	-0.0749139
8.58	0.998498	-0.157333
8.59	0.996513	-0.239668
8.6	0.993705	-0.321876
8.61	0.990076	-0.403912
8.62	0.985628	-0.48573
8.63	0.980363	-0.567286
8.64	0.974283	-0.648532
8.65	0.967393	-0.729421
8.66	0.959696	-0.809904
8.67	0.951197	-0.889931
8.68	0.941899	-0.969452
8.69	0.931809	-1.04841
8.7	0.920933	-1.12676
8.71	0.909276	-1.20444
8.72	0.896847	-1.2814
8.73	0.883651	-1.35757
8.74	0.869698	-1.4329
8.75	0.854996	-1.50732
8.76	0.839555	-1.58077
8.77	0.823384	-1.65319
8.78	0.806495	-1.72451
8.79	0.788898	-1.79465
8.8	0.770606	-1.86356
8.81	0.751631	-1.93116
8.82	0.731987	-1.99737
8.83	0.711688	-2.06213
8.84	0.69075	-2.12536
8.85	0.669187	-2.18698
8.86	0.647016	-2.24692
8.87	0.624254	-2.3051
8.88	0.60092	-2.36145
8.89	0.577031	-2.4159
8.9	0.552608	-2.46835
8.91	0.527671	-2.51875
8.92	0.50224	-2.56702
8.93	0.476338	-2.61308
8.94	0.449986	-2.65687
8.95	0.423209	-2.69831
8.96	0.396028	-2.73734
8.97	0.36847	-2.7739
8.98	0.340559	-2.80792
8.99	0.31232	-2.83935
9	0.283781	-2.86813
9.01	0.254967	-2.89421
9.02	0.225906	-2.91755
9.03	0.196625	-2.9381
9.04	0.167153	-2.95582
9.05	0.137518	-2.9707
9.06	0.107749	-2.98268
9.07	0.0778741	-2.99177
9.08	0.0479231	-2.99793
9.09	0.0179253	-3.00115
9.1	-0.0120901	-3.00144
9.11	-0.0420937	-2.99879
9.12	-0.0720561	-2.99319
9.13	-0.101948	-2.98468
9.14	-0.13174	-2.97325
9.15	-0.161403	-2.95894
9.16	-0.190909	-2.94177
9.17	-0.220229	-2.92176
9.18	-0.249335	-2.89896
9.19	-0.278199	-2.87341
9.2	-0.306794	-2.84515
9.21	-0.335093	-2.81423
9.22	-0.36307	-2.78071
9.23	-0.390699	-2.74465
9.24	-0.417955	-2.70609
9.25	-0.444813	-2.66511
9.26	-0.471249	-2.62178
9.27	-0.497241	-2.57615
9.28	-0.522765	-2.52831
9.29	-0.5478	-2.47832
9.3	-0.572324	-2.42625
9.31	-0.596318	-2.37219
9.32	-0.619762	-2.3162
9.33	-0.642636	-2.25837
9.34	-0.664923	-2.19877
9.35	-0.686606	-2.13746
9.36	-0.707667	-2.07454
9.37	-0.728092	-2.01008
9.38	-0.747864	-1.94414
9.39	-0.76697	-1.87681
9.4	-0.785396	-1.80815
9.41	-0.803128	-1.73824
9.42	-0.820156	-1.66714
9.43	-0.836468	-1.59494
9.44	-0.852052	-1.52168
9.45	-0.866898	-1.44744
9.46	-0.880997	-1.37228
9.47	-0.894341	-1.29627
9.48	-0.90692	-1.21946
9.49	-0.918728	-1.14192
9.5	-0.929756	-1.0637
9.51	-0.939999	-0.984849
9.52	-0.949451	-0.905433
9.53	-0.958106	-0.8255
9.54	-0.96596	-0.745101
9.55	-0.973007	-0.664288
9.56	-0.979244	-0.583107
9.57	-0.984668	-0.501608
9.58	-0.989276	-0.419838
9.59	-0.993064	-0.33784
9.6	-0.996032	-0.255663
9.61	-0.998177	-0.173348
9.62	-0.999498	-0.0909423
9.63	-0.999996	-0.00848791
9.64	-0.999668	0.073971
9.65	-0.998516	0.156391
9.66	-0.996541	0.238727
9.67	-0.993742	0.320937
9.68	-0.990122	0.402975
9.69	-0.985683	0.484796
9.7	-0.980427	0.566355
9.71	-0.974357	0.647605
9.72	-0.967477	0.728498
9.73	-0.959789	0.808986
9.74	-0.951298	0.889019
9.75	-0.94201	0.968546
9.76	-0.931929	1.04751
9.77	-0.921062	1.12587
9.78	-0.909414	1.20356
9.79	-0.896993	1.28052
9.8	-0.883806	1.3567
9.81	-0.869862	1.43204
9.82	-0.855168	1.50647
9.83	-0.839736	1.57994
9.84	-0.823573	1.65237
9.85	-0.806692	1.7237
9.86	-0.789103	1.79386
9.87	-0.770819	1.86278
9.88	-0.751852	1.93039
9.89	-0.732216	1.99662
9.9	-0.711924	2.0614
9.91	-0.690993	2.12464
9.92	-0.669437	2.18628
9.93	-0.647273	2.24624
9.94	-0.624518	2.30445
9.95	-0.60119	2.36082
9.96	-0.577308	2.41529
9.97	-0.552891	2.46777
9.98	-0.527959	2.51819
9.99	-0.502534	2.56648
10	-0.476637	2.61257
10.01	-0.45029	2.65638
10.02	-0.423517	2.69785
10.03	-0.396341	2.73691
10.04	-0.368787	2.77349
10.05	-0.34088	2.80754
10.06	-0.312645	2.839
10.07	-0.284109	2.86781
10.08	-0.255298	2.89393
10.09	-0.226239	2.91729
10.1	-0.196961	2.93788
10.11	-0.167491	2.95564
10.12	-0.137858	2.97054
10.13	-0.10809	2.98256
10.14	-0.0782162	2.99168
10.15	-0.048266	2.99787
10.16	-0.0182685	3.00113
10.17	0.0117469	3.00145
10.18	0.0417507	2.99883
10.19	0.0717137	2.99328
10.2	0.101607	2.98479
10.21	0.1314	2.9734
10.22	0.161065	2.95912
10.23	0.190573	2.94198
10.24	0.219895	2.92201
10.25	0.249004	2.89924
10.26	0.277871	2.87372
10.27	0.306469	2.84549
10.28	0.334772	2.8146
10.29	0.362752	2.78111
10.3	0.390385	2.74507
10.31	0.417645	2.70655
10.32	0.444508	2.66559
10.33	0.470949	2.62228
10.34	0.496946	2.57669
10.35	0.522476	2.52887
10.36	0.547516	2.4789
10.37	0.572047	2.42686
10.38	0.596047	2.37282
10.39	0.619497	2.31686
10.4	0.642378	2.25904
10.41	0.664672	2.19946
10.42	0.686361	2.13818
10.43	0.70743	2.07527
10.44	0.727862	2.01082
10.45	0.747641	1.9449
10.46	0.766755	1.87758
10.47	0.785189	1.80894
10.48	0.80293	1.73904
10.49	0.819966	1.66796
10.5	0.836285	1.59577
10.51	0.851877	1.52252
10.52	0.866732	1.4483
10.53	0.88084	1.37315
10.54	0.894193	1.29715
10.55	0.906781	1.22035
10.56	0.918597	1.14281
10.57	0.929635	1.06459
10.58	0.939887	0.985754
10.59	0.949348	0.906344
10.6	0.958012	0.826417
10.61	0.965875	0.746023
10.62	0.972931	0.665214
10.63	0.979178	0.584038
10.64	0.984611	0.502542
10.65	0.989228	0.420774
10.66	0.993025	0.338779
10.67	0.996002	0.256603
10.68	0.998157	0.17429
10.69	0.999488	0.0918851
10.7	0.999995	0.009431
10.71	0.999677	-0.0730281
10.72	0.998534	-0.155448
10.73	0.996568	-0.237786
10.74	0.993779	-0.319998
10.75	0.990169	-0.402038
10.76	0.985739	-0.483862
10.77	0.980492	-0.565424
10.78	0.974431	-0.646677
10.79	0.96756	-0.727575
10.8	0.959881	-0.808068
10.81	0.9514	-0.888106
10.82	0.942121	-0.967639
10.83	0.932049	-1.04661
10.84	0.921191	-1.12498
10.85	0.909552	-1.20268
10.86	0.897139	-1.27965
10.87	0.883961	-1.35584
10.88	0.870026	-1.43119
10.89	0.855341	-1.50563
10.9	0.839916	-1.5791
10.91	0.823762	-1.65155
10.92	0.806889	-1.72289
10.93	0.789308	-1.79306
10.94	0.771032	-1.862
10.95	0.752073	-1.92963
10.96	0.732444	-1.99587
10.97	0.71216	-2.06066
10.98	0.691236	-2.12393
10.99	0.669687	-2.18559
11	0.64753	-2.24557
11.01	0.624781	-2.30379
11.02	0.60146	-2.36019
11.03	0.577584	-2.41467
11.04	0.553173	-2.46718
11.05	0.528247	-2.51762
11.06	0.502828	-2.56594
11.07	0.476936	-2.61205
11.08	0.450594	-2.65589
11.09	0.423826	-2.69739
11.1	0.396654	-2.73648
11.11	0.369104	-2.77309
11.12	0.341201	-2.80717
11.13	0.31297	-2.83866
11.14	0.284437	-2.8675
11.15	0.255629	-2.89364
11.16	0.226573	-2.91704
11.17	0.197297	-2.93766
11.18	0.167829	-2.95545
11.19	0.138198	-2.97039
11.2	0.108431	-2.98244
11.21	0.0785584	-2.99159
11.22	0.0486088	-2.99782
11.23	0.0186117	-3.00111
11.24	-0.0114036	-3.00147
11.25	-0.0414078	-2.99888
11.26	-0.0713714	-2.99336
11.27	-0.101265	-2.98491
11.28	-0.13106	-2.97355
11.29	-0.160726	-2.9593
11.3	-0.190236	-2.94219
11.31	-0.219561	-2.92225
11.32	-0.248672	-2.89951
11.33	-0.277542	-2.87402
11.34	-0.306143	-2.84583
11.35	-0.33445	-2.81497
11.36	-0.362434	-2.78151
11.37	-0.390071	-2.7455
11.38	-0.417336	-2.707
11.39	-0.444203	-2.66608
11.4	-0.470649	-2.62279
11.41	-0.496651	-2.57722
11.42	-0.522186	-2.52943
11.43	-0.547233	-2.47948
11.44	-0.571769	-2.42747
11.45	-0.595775	-2.37345
11.46	-0.619232	-2.31751
11.47	-0.642119	-2.25971
11.48	-0.66442	-2.20015
11.49	-0.686117	-2.13889
11.5	-0.707192	-2.076
11.51	-0.727632	-2.01157
11.52	-0.747419	-1.94566
11.53	-0.76654	-1.87836
11.54	-0.784982	-1.80973
11.55	-0.802731	-1.73985
11.56	-0.819775	-1.66878
11.57	-0.836103	-1.5966
11.58	-0.851703	-1.52337
11.59	-0.866567	-1.44915
11.6	-0.880683	-1.37401
11.61	-0.894044	-1.29802
11.62	-0.906641	-1.22123
11.63	-0.918466	-1.1437
11.64	-0.929513	-1.06549
11.65	-0.939774	-0.986659
11.66	-0.949244	-0.907255
11.67	-0.957917	-0.827334
11.68	-0.965789	-0.746945
11.69	-0.972855	-0.66614
11.7	-0.979111	-0.584968
11.71	-0.984553	-0.503476
11.72	-0.989179	-0.421711
11.73	-0.992987	-0.339718
11.74	-0.995973	-0.257544
11.75	-0.998137	-0.175232
11.76	-0.999477	-0.0928279
11.77	-0.999993	-0.0103741
11.78	-0.999685	0.0720852
11.79	-0.998552	0.154506
11.8	-0.996595	0.236845
11.81	-0.993815	0.319058
11.82	-0.990214	0.401101
11.83	-0.985794	0.482927
11.84	-0.980557	0.564493
11.85	-0.974505	0.64575
11.86	-0.967643	0.726652
11.87	-0.959974	0.807149
11.88	-0.951501	0.887194
11.89	-0.942231	0.966733
11.9	-0.932169	1.04571
11.91	-0.921319	1.12409
11.92	-0.909689	1.20179
11.93	-0.897286	1.27877
11.94	-0.884116	1.35497
11.95	-0.870189	1.43033
11.96	-0.855513	1.50478
11.97	-0.840097	1.57827
11.98	-0.823951	1.65072
11.99	-0.807086	1.72208
12	-0.789513	1.79227
12.01	-0.771245	1.86122
12.02	-0.752293	1.92886
12.03	-0.732672	1.99512
12.04	-0.712396	2.05993
12.05	-0.691479	2.12321
12.06	-0.669937	2.18489
12.07	-0.647786	2.24489
12.08	-0.625045	2.30314
12.09	-0.60173	2.35955
12.1	-0.57786	2.41406
12.11	-0.553455	2.46659
12.12	-0.528535	2.51706
12.13	-0.503121	2.5654
12.14	-0.477234	2.61154
12.15	-0.450898	2.65541
12.16	-0.424134	2.69693
12.17	-0.396967	2.73604
12.18	-0.369421	2.77269
12.19	-0.341522	2.80679
12.2	-0.313294	2.83831
12.21	-0.284764	2.86718
12.22	-0.25596	2.89336
12.23	-0.226906	2.91679
12.24	-0.197633	2.93744
12.25	-0.168167	2.95526
12.26	-0.138537	2.97023
12.27	-0.108772	2.98232
12.28	-0.0789005	2.9915
12.29	-0.0489517	2.99777
12.3	-0.018955	3.00109
12.31	0.0110604	3.00148
12.32	0.0410648	2.99892
12.33	0.0710291	2.99344
12.34	0.100924	2.98502
12.35	0.13072	2.97369
12.36	0.160388	2.95948
12.37	0.1899	2.9424
12.38	0.219227	2.92249
12.39	0.24834	2.89979
12.4	0.277213	2.87433
12.41	0.305818	2.84616
12.42	0.334128	2.81534
12.43	0.362116	2.78191
12.44	0.389757	2.74592
12.45	0.417026	2.70745
12.46	0.443898	2.66656
12.47	0.470349	2.6233
12.48	0.496357	2.57775
12.49	0.521897	2.52998
12.5	0.546949	2.48007
12.51	0.571492	2.42807
12.52	0.595504	2.37408
12.53	0.618967	2.31816
12.54	0.641861	2.26039
12.55	0.664169	2.20084
12.56	0.685872	2.1396
12.57	0.706955	2.07673
12.58	0.727401	2.01231
12.59	0.747196	1.94643
12.6	0.766325	1.87914
12.61	0.784775	1.81053
12.62	0.802532	1.74066
12.63	0.819584	1.6696
12.64	0.83592	1.59743
12.65	0.851529	1.52421
12.66	0.866401	1.45
12.67	0.880526	1.37488
12.68	0.893896	1.29889
12.69	0.906501	1.22211
12.7	0.918335	1.14459
12.71	0.929391	1.06639
12.72	0.939661	0.987564
12.73	0.94914	0.908166
12.74	0.957823	0.82825
12.75	0.965704	0.747867
12.76	0.972779	0.667067
12.77	0.979044	0.585898
12.78	0.984496	0.504409
12.79	0.989131	0.422647
12.8	0.992948	0.340657
12.81	0.995944	0.258485
12.82	0.998117	0.176174
12.83	0.999467	0.0937707
12.84	0.999992	0.0113172
12.85	0.999693	-0.0711423
12.86	0.99857	-0.153564
12.87	0.996622	-0.235904
12.88	0.993852	-0.318119
12.89	0.99026	-0.400163
12.9	0.985849	-0.481993
12.91	0.980621	-0.563561
12.92	0.974579	-0.644823
12.93	0.967726	-0.725729
12.94	0.960066	-0.806231
12.95	0.951603	-0.886281
12.96	0.942342	-0.965826
12.97	0.932288	-1.04481
12.98	0.921448	-1.12319
12.99	0.909827	-1.20091
13	0.897432	-1.2779
13.01	0.884271	-1.3541
13.02	0.870353	-1.42947
13.03	0.855685	-1.50394
13.04	0.840277	-1.57743
13.05	0.82414	-1.6499
13.06	0.807283	-1.72127
13.07	0.789718	-1.79147
13.08	0.771457	-1.86044
13.09	0.752514	-1.92809
13.1	0.7329	-1.99437
13.11	0.712631	-2.0592
13.12	0.691721	-2.1225
13.13	0.670186	-2.1842
13.14	0.648043	-2.24421
13.15	0.625308	-2.30248
13.16	0.601999	-2.35892
13.17	0.578136	-2.41345
13.18	0.553737	-2.466
13.19	0.528823	-2.51649
13.2	0.503414	-2.56486
13.21	0.477533	-2.61102
13.22	0.451201	-2.65492
13.23	0.424442	-2.69647
13.24	0.39728	-2.73561
13.25	0.369739	-2.77228
13.26	0.341843	-2.80642
13.27	0.313619	-2.83797
13.28	0.285092	-2.86687
13.29	0.25629	-2.89307
13.3	0.22724	-2.91654
13.31	0.197969	-2.93722
13.32	0.168505	-2.95508
13.33	0.138877	-2.97008
13.34	0.109113	-2.9822
13.35	0.0792426	-2.99142
13.36	0.0492945	-2.99771
13.37	0.0192982	-3.00107
13.38	-0.0107171	-3.00149
13.39	-0.0407218	-2.99897
13.4	-0.0706867	-2.99351
13.41	-0.100582	-2.98513
13.42	-0.13038	-2.97384
13.43	-0.16005	-2.95966
13.44	-0.189563	-2.94261
13.45	-0.218892	-2.92274
13.46	-0.248009	-2.90006
13.47	-0.276884	-2.87464
13.48	-0.305492	-2.8465
13.49	-0.333806	-2.81571
13.5	-0.361798	-2.7823
13.51	-0.389443	-2.74635
13.52	-0.416717	-2.70791
13.53	-0.443593	-2.66704
13.54	-0.470049	-2.62381
13.55	-0.496062	-2.57829
13.56	-0.521608	-2.53054
13.57	-0.546666	-2.48065
13.58	-0.571214	-2.42868
13.59	-0.595232	-2.37471
13.6	-0.618702	-2.31881
13.61	-0.641602	-2.26106
13.62	-0.663917	-2.20153
13.63	-0.685627	-2.14031
13.64	-0.706717	-2.07746
13.65	-0.727171	-2.01306
13.66	-0.746974	-1.94719
13.67	-0.76611	-1.87992
13.68	-0.784568	-1.81132
13.69	-0.802333	-1.74146
13.7	-0.819393	-1.67042
13.71	-0.835737	-1.59826
13.72	-0.851355	-1.52505
13.73	-0.866235	-1.45086
13.74	-0.880369	-1.37574
13.75	-0.893747	-1.29977
13.76	-0.906361	-1.22299
13.77	-0.918204	-1.14548
13.78	-0.929269	-1.06729
13.79	-0.939548	-0.988469
13.8	-0.949036	-0.909078
13.81	-0.957728	-0.829167
13.82	-0.965618	-0.748789
13.83	-0.972702	-0.667993
13.84	-0.978977	-0.586828
13.85	-0.984438	-0.505343
13.86	-0.989083	-0.423583
13.87	-0.992909	-0.341596
13.88	-0.995914	-0.259425
13.89	-0.998097	-0.177116
13.9	-0.999456	-0.0947134
13.91	-0.999991	-0.0122603
13.92	-0.999701	0.0701994
13.93	-0.998587	0.152622
13.94	-0.996649	0.234963
13.95	-0.993888	0.31718
13.96	-0.990306	0.399226
13.97	-0.985904	0.481058
13.98	-0.980686	0.56263
13.99	-0.974653	0.643895
14	-0.967809	0.724806
14.01	-0.960158	0.805313
14.02	-0.951704	0.885368
14.03	-0.942452	0.964919
14.04	-0.932408	1.04391
14.05	-0.921576	1.1223
14.06	-0.909964	1.20002
14.07	-0.897578	1.27702
14.08	-0.884426	1.35324
14.09	-0.870516	1.42862
14.1	-0.855857	1.50309
14.11	-0.840457	1.5766
14.12	-0.824328	1.64908
14.13	-0.80748	1.72046
14.14	-0.789923	1.79067
14.15	-0.77167	1.85965
14.16	-0.752734	1.92733
14.17	-0.733128	1.99362
14.18	-0.712867	2.05847
14.19	-0.691964	2.12178
14.2	-0.670436	2.1835
14.21	-0.6483	2.24354
14.22	-0.625571	2.30182
14.23	-0.602269	2.35828
14.24	-0.578412	2.41284
14.25	-0.554019	2.46541
14.26	-0.529111	2.51593
14.27	-0.503708	2.56432
14.28	-0.477832	2.61051
14.29	-0.451505	2.65443
14.3	-0.424751	2.69601
14.31	-0.397593	2.73518
14.32	-0.370056	2.77188
14.33	-0.342164	2.80604
14.34	-0.313943	2.83762
14.35	-0.28542	2.86655
14.36	-0.256621	2.89279
14.37	-0.227574	2.91629
14.38	-0.198305	2.937
14.39	-0.168843	2.95489
14.4	-0.139217	2.96992
14.41	-0.109454	2.98208
14.42	-0.0795847	2.99133
14.43	-0.0496374	2.99765
14.44	-0.0196414	3.00105
14.45	0.0103738	3.0015
14.46	0.0403789	2.99902
14.47	0.0703444	2.99359
14.48	0.100241	2.98524
14.49	0.13004	2.97399
14.5	0.159711	2.95984
14.51	0.189227	2.94282
14.52	0.218558	2.92298
14.53	0.247677	2.90034
14.54	0.276556	2.87494
14.55	0.305167	2.84684
14.56	0.333484	2.81607
14.57	0.36148	2.7827
14.58	0.389129	2.74678
14.59	0.416407	2.70836
14.6	0.443288	2.66752
14.61	0.469749	2.62432
14.62	0.495767	2.57882
14.63	0.521318	2.5311
14.64	0.546382	2.48123
14.65	0.570936	2.42929
14.66	0.594961	2.37533
14.67	0.618436	2.31946
14.68	0.641344	2.26173
14.69	0.663665	2.20222
14.7	0.685383	2.14101
14.71	0.70648	2.07818
14.72	0.726941	2.0138
14.73	0.746751	1.94795
14.74	0.765895	1.88069
14.75	0.78436	1.81211
14.76	0.802133	1.74227
14.77	0.819202	1.67124
14.78	0.835554	1.59909
14.79	0.85118	1.5259
14.8	0.866069	1.45171
14.81	0.880211	1.37661
14.82	0.893598	1.30064
14.83	0.906222	1.22388
14.84	0.918073	1.14637
14.85	0.929147	1.06819
14.86	0.939435	0.989374
14.87	0.948932	0.909989
14.88	0.957633	0.830084
14.89	0.965532	0.74971
14.9	0.972626	0.668919
14.91	0.97891	0.587759
14.92	0.98438	0.506277
14.93	0.989034	0.42452
14.94	0.99287	0.342535
14.95	0.995884	0.260366
14.96	0.998076	0.178058
14.97	0.999445	0.0956562
14.98	0.999989	0.0132034
14.99	0.999709	-0.0692564
15	0.998604	-0.15168
15.01	0.996676	-0.234022
15.02	0.993924	-0.31624
15.03	0.990352	-0.398289
15.04	0.985959	-0.480124
15.05	0.98075	-0.561699
15.06	0.974726	-0.642968
15.07	0.967892	-0.723882
15.08	0.96025	-0.804395
15.09	0.951805	-0.884455
15.1	0.942563	-0.964013
15.11	0.932527	-1.04301
15.12	0.921704	-1.12141
15.13	0.910101	-1.19914
15.14	0.897724	-1.27614
15.15	0.884581	-1.35237
15.16	0.870679	-1.42776
15.17	0.856029	-1.50224
15.18	0.840638	-1.57576
15.19	0.824517	-1.64826
15.2	0.807676	-1.71965
15.21	0.790128	-1.78988
15.22	0.771883	-1.85887
15.23	0.752955	-1.92656
15.24	0.733356	-1.99287
15.25	0.713102	-2.05773
15.26	0.692207	-2.12107
15.27	0.670686	-2.1828
15.28	0.648556	-2.24286
15.29	0.625835	-2.30117
15.3	0.602539	-2.35765
15.31	0.578688	-2.41222
15.32	0.554301	-2.46482
15.33	0.529398	-2.51536
15.34	0.504001	-2.56378
15.35	0.47813	-2.60999
15.36	0.451809	-2.65394
15.37	0.425059	-2.69554
15.38	0.397906	-2.73474
15.39	0.370373	-2.77147
15.4	0.342485	-2.80567
15.41	0.314268	-2.83727
15.42	0.285748	-2.86624
15.43	0.256952	-2.89251
15.44	0.227907	-2.91603
15.45	0.198641	-2.93678
15.46	0.169181	-2.9547
15.47	0.139556	-2.96977
15.48	0.109795	-2.98195
15.49	0.0799268	-2.99124
15.5	0.0499802	-2.9976
15.51	0.0199846	-3.00103
15.52	-0.0100306	-3.00151
15.53	-0.0400359	-2.99906
15.54	-0.070002	-2.99367
15.55	-0.0998996	-2.98536
15.56	-0.129699	-2.97413
15.57	-0.159373	-2.96001
15.58	-0.18889	-2.94303
15.59	-0.218224	-2.92322
15.6	-0.247345	-2.90061
15.61	-0.276227	-2.87525
15.62	-0.304841	-2.84718
15.63	-0.333162	-2.81644
15.64	-0.361161	-2.7831
15.65	-0.388815	-2.7472
15.66	-0.416097	-2.70881
15.67	-0.442983	-2.668
15.68	-0.469449	-2.62482
15.69	-0.495472	-2.57935
15.7	-0.521029	-2.53166
15.71	-0.546098	-2.48181
15.72	-0.570658	-2.42989
15.73	-0.594689	-2.37596
15.74	-0.618171	-2.32011
15.75	-0.641085	-2.2624
15.76	-0.663413	-2.20291
15.77	-0.685138	-2.14172
15.78	-0.706242	-2.07891
15.79	-0.726711	-2.01455
15.8	-0.746528	-1.94871
15.81	-0.76568	-1.88147
15.82	-0.784153	-1.8129
15.83	-0.801934	-1.74307
15.84	-0.819011	-1.67206
15.85	-0.835372	-1.59992
15.86	-0.851006	-1.52674
15.87	-0.865903	-1.45257
15.88	-0.880054	-1.37747
15.89	-0.89345	-1.30151
15.9	-0.906082	-1.22476
15.91	-0.917942	-1.14726
15.92	-0.929025	-1.06908
15.93	-0.939322	-0.990279
15.94	-0.948828	-0.910899
15.95	-0.957538	-0.831
15.96	-0.965447	-0.750632
15.97	-0.972549	-0.669845
15.98	-0.978842	-0.588689
15.99	-0.984322	-0.50721
16	-0.988986	-0.425456
16.01	-0.99283	-0.343473
16.02	-0.995854	-0.261306
16.03	-0.998056	-0.179
16.04	-0.999434	-0.0965989
16.05	-0.999988	-0.0141465
16.06	-0.999717	0.0683135
16.07	-0.998622	0.150737
16.08	-0.996703	0.233081
16.09	-0.99396	0.315301
16.1	-0.990397	0.397352
16.11	-0.986014	0.479189
16.12	-0.980814	0.560768
16.13	-0.9748	0.64204
16.14	-0.967975	0.722959
16.15	-0.960342	0.803477
16.16	-0.951907	0.883542
16.17	-0.942673	0.963106
16.18	-0.932646	1.04211
16.19	-0.921833	1.12051
16.2	-0.910238	1.19825
16.21	-0.89787	1.27527
16.22	-0.884735	1.3515
16.23	-0.870843	1.4269
16.24	-0.8562	1.5014
16.25	-0.840818	1.57493
16.26	-0.824705	1.64743
16.27	-0.807873	1.71884
16.28	-0.790332	1.78908
16.29	-0.772095	1.85809
16.3	-0.753175	1.9258
16.31	-0.733584	1.99212
16.32	-0.713337	2.057
16.33	-0.692449	2.12035
16.34	-0.670935	2.18211
16.35	-0.648813	2.24218
16.36	-0.626098	2.30051
16.37	-0.602808	2.35701
16.38	-0.578964	2.41161
16.39	-0.554583	2.46423
16.4	-0.529686	2.5148
16.41	-0.504294	2.56324
16.42	-0.478429	2.60948
16.43	-0.452112	2.65345
16.44	-0.425367	2.69508
16.45	-0.398218	2.73431
16.46	-0.370689	2.77106
16.47	-0.342806	2.80529
16.48	-0.314592	2.83693
16.49	-0.286076	2.86592
16.5	-0.257283	2.89222
16.51	-0.228241	2.91578
16.52	-0.198977	2.93655
16.53	-0.169519	2.95451
16.54	-0.139896	2.96961
16.55	-0.110136	2.98183
16.56	-0.0802689	2.99115
16.57	-0.050323	2.99754
16.58	-0.0203278	3.001
16.59	0.00968729	3.00153
16.6	0.0396929	2.99911
16.61	0.0696596	2.99375
16.62	0.0995581	2.98547
16.63	0.129359	2.97427
16.64	0.159034	2.96019
16.65	0.188554	2.94325
16.66	0.217889	2.92347
16.67	0.247014	2.90089
16.68	0.275898	2.87556
16.69	0.304516	2.84751
16.7	0.332839	2.81681
16.71	0.360843	2.78349
16.72	0.388501	2.74763
16.73	0.415787	2.70927
16.74	0.442678	2.66848
16.75	0.469149	2.62533
16.76	0.495177	2.57989
16.77	0.520739	2.53222
16.78	0.545814	2.4824
16.79	0.57038	2.4305
16.8	0.594417	2.37659
16.81	0.617906	2.32076
16.82	0.640826	2.26307
16.83	0.663161	2.2036
16.84	0.684893	2.14243
16.85	0.706004	2.07964
16.86	0.72648	2.01529
16.87	0.746305	1.94947
16.88	0.765465	1.88225
16.89	0.783946	1.81369
16.9	0.801735	1.74388
16.91	0.818819	1.67288
16.92	0.835188	1.60076
16.93	0.850831	1.52758
16.94	0.865737	1.45342
16.95	0.879896	1.37833
16.96	0.893301	1.30239
16.97	0.905941	1.22564
16.98	0.917811	1.14815
16.99	0.928902	1.06998
17	0.939209	0.991183
17.01	0.948724	0.91181
17.02	0.957443	0.831917
17.03	0.965361	0.751554
17.04	0.972473	0.670771
17.05	0.978775	0.589619
17.06	0.984264	0.508143
17.07	0.988937	0.426393
17.08	0.992791	0.344412
17.09	0.995824	0.262247
17.1	0.998036	0.179942
17.11	0.999423	0.0975417
17.12	0.999986	0.0150895
17.13	0.999725	-0.0673706
17.14	0.998639	-0.149795
17.15	0.996729	-0.23214
17.16	0.993997	-0.314361
17.17	0.990442	-0.396415
17.18	0.986069	-0.478255
17.19	0.980878	-0.559836
17.2	0.974873	-0.641113
17.21	0.968057	-0.722036
17.22	0.960434	-0.802558
17.23	0.952007	-0.88263
17.24	0.942783	-0.962199
17.25	0.932765	-1.04121
17.26	0.921961	-1.11962
17.27	0.910375	-1.19737
17.28	0.898016	-1.27439
17.29	0.88489	-1.35064
17.3	0.871006	-1.42604
17.31	0.856372	-1.50055
17.32	0.840998	-1.57409
17.33	0.824894	-1.64661
17.34	0.808069	-1.71803
17.35	0.790537	-1.78829
17.36	0.772308	-1.85731
17.37	0.753395	-1.92503
17.38	0.733812	-1.99137
17.39	0.713572	-2.05627
17.4	0.692692	-2.11964
17.41	0.671185	-2.18141
17.42	0.649069	-2.24151
17.43	0.626361	-2.29985
17.44	0.603078	-2.35638
17.45	0.57924	-2.411
17.46	0.554865	-2.46364
17.47	0.529974	-2.51423
17.48	0.504587	-2.5627
17.49	0.478727	-2.60896
17.5	0.452415	-2.65296
17.51	0.425676	-2.69462
17.52	0.398531	-2.73387
17.53	0.371006	-2.77066
17.54	0.343126	-2.80491
17.55	0.314917	-2.83658
17.56	0.286404	-2.8656
17.57	0.257614	-2.89194
17.58	0.228574	-2.91553
17.59	0.199312	-2.93633
17.6	0.169857	-2.95432
17.61	0.140235	-2.96946
17.62	0.110477	-2.98171
17.63	0.080611	-2.99106
17.64	0.0506658	-2.99749
17.65	0.020671	-3.00098
17.66	-0.00934402	-3.00154
17.67	-0.0393499	-2.99915
17.68	-0.0693172	-2.99383
17.69	-0.0992167	-2.98558
17.7	-0.129019	-2.97442
17.71	-0.158695	-2.96037
17.72	-0.188217	-2.94345
17.73	-0.217555	-2.92371
17.74	-0.246682	-2.90116
17.75	-0.275569	-2.87586
17.76	-0.30419	-2.84785
17.77	-0.332517	-2.81717
17.78	-0.360525	-2.78389
17.79	-0.388186	-2.74805
17.8	-0.415477	-2.70972
17.81	-0.442373	-2.66896
17.82	-0.468849	-2.62584
17.83	-0.494882	-2.58042
17.84	-0.52045	-2.53278
17.85	-0.54553	-2.48298
17.86	-0.570102	-2.4311
17.87	-0.594146	-2.37722
17.88	-0.61764	-2.32141
17.89	-0.640567	-2.26374
17.9	-0.662909	-2.20429
17.91	-0.684648	-2.14314
17.92	-0.705766	-2.08037
17.93	-0.72625	-2.01604
17.94	-0.746082	-1.95023
17.95	-0.76525	-1.88302
17.96	-0.783738	-1.81448
17.97	-0.801535	-1.74468
17.98	-0.818628	-1.6737
17.99	-0.835005	-1.60159
18	-0.850656	-1.52842
18.01	-0.865571	-1.45427
18.02	-0.879739	-1.3792
18.03	-0.893152	-1.30326
18.04	-0.905801	-1.22652
18.05	-0.91768	-1.14904
18.06	-0.92878	-1.07088
18.07	-0.939095	-0.992088
18.08	-0.94862	-0.912721
18.09	-0.957348	-0.832833
18.1	-0.965275	-0.752475
18.11	-0.972396	-0.671697
18.12	-0.978707	-0.590549
18.13	-0.984206	-0.509077
18.14	-0.988888	-0.427329
18.15	-0.992752	-0.345351
18.16	-0.995794	-0.263188
18.17	-0.998015	-0.180884
18.18	-0.999412	-0.0984844
18.19	-0.999984	-0.0160326
18.2	-0.999732	0.0664277
18.21	-0.998656	0.148853
18.22	-0.996756	0.231199
18.23	-0.994032	0.313422
18.24	-0.990488	0.395477
18.25	-0.986124	0.47732
18.26	-0.980942	0.558905
18.27	-0.974946	0.640185
18.28	-0.96814	0.721113
18.29	-0.960526	0.80164
18.3	-0.952108	0.881717
18.31	-0.942893	0.961292
18.32	-0.932884	1.04031
18.33	-0.922089	1.11873
18.34	-0.910512	1.19648
18.35	-0.898161	1.27351
18.36	-0.885044	1.34977
18.37	-0.871169	1.42519
18.38	-0.856544	1.4997
18.39	-0.841178	1.57326
18.4	-0.825082	1.64579
18.41	-0.808266	1.71722
18.42	-0.790741	1.78749
18.43	-0.77252	1.85653
18.44	-0.753615	1.92426
18.45	-0.73404	1.99062
18.46	-0.713808	2.05553
18.47	-0.692934	2.11892
18.48	-0.671434	2.18071
18.49	-0.649325	2.24083
18.5	-0.626624	2.2992
18.51	-0.603347	2.35574
18.52	-0.579515	2.41038
18.53	-0.555146	2.46305
18.54	-0.530261	2.51366
18.55	-0.50488	2.56215
18.56	-0.479025	2.60845
18.57	-0.452719	2.65247
18.58	-0.425984	2.69416
18.59	-0.398844	2.73344
18.6	-0.371323	2.77025
18.61	-0.343447	2.80454
18.62	-0.315241	2.83623
18.63	-0.286731	2.86529
18.64	-0.257944	2.89165
18.65	-0.228907	2.91527
18.66	-0.199648	2.93611
18.67	-0.170195	2.95413
18.68	-0.140575	2.9693
18.69	-0.110818	2.98158
18.7	-0.080953	2.99097
18.71	-0.0510086	2.99743
18.72	-0.0210142	3.00096
18.73	0.00900075	3.00155
18.74	0.0390069	2.99919
18.75	0.0689748	2.99391
18.76	0.0988753	2.98569
18.77	0.128679	2.97456
18.78	0.158357	2.96055
18.79	0.18788	2.94366
18.8	0.217221	2.92395
18.81	0.24635	2.90144
18.82	0.27524	2.87617
18.83	0.303864	2.84818
18.84	0.332195	2.81754
18.85	0.360206	2.78428
18.86	0.387872	2.74847
18.87	0.415167	2.71017
18.88	0.442068	2.66944
18.89	0.468548	2.62634
18.9	0.494587	2.58095
18.91	0.52016	2.53333
18.92	0.545246	2.48356
18.93	0.569824	2.43171
18.94	0.593874	2.37785
18.95	0.617375	2.32205
18.96	0.640309	2.26441
18.97	0.662657	2.20498
18.98	0.684402	2.14385
18.99	0.705528	2.08109
19	0.726019	2.01678
19.01	0.745859	1.95099
19.02	0.765034	1.8838
19.03	0.783531	1.81528
19.04	0.801336	1.74549
19.05	0.818437	1.67451
19.06	0.834822	1.60242
19.07	0.850481	1.52927
19.08	0.865404	1.45513
19.09	0.879581	1.38006
19.1	0.893003	1.30413
19.11	0.905661	1.2274
19.12	0.917548	1.14993
19.13	0.928657	1.07178
19.14	0.938982	0.992992
19.15	0.948515	0.913632
19.16	0.957252	0.833749
19.17	0.965189	0.753397
19.18	0.972319	0.672623
19.19	0.97864	0.591479
19.2	0.984148	0.51001
19.21	0.988839	0.428265
19.22	0.992712	0.346289
19.23	0.995764	0.264128
19.24	0.997994	0.181826
19.25	0.9994	0.0994272
19.26	0.999983	0.0169757
19.27	0.99974	-0.0654847
19.28	0.998673	-0.14791
19.29	0.996782	-0.230258
19.3	0.994068	-0.312482
19.31	0.990533	-0.39454
19.32	0.986178	-0.476386
19.33	0.981006	-0.557974
19.34	0.97502	-0.639257
19.35	0.968222	-0.720189
19.36	0.960617	-0.800721
19.37	0.952209	-0.880803
19.38	0.943003	-0.960385
19.39	0.933003	-1.03941
19.4	0.922217	-1.11784
19.41	0.910649	-1.1956
19.42	0.898307	-1.27264
19.43	0.885199	-1.3489
19.44	0.871332	-1.42433
19.45	0.856715	-1.49886
19.46	0.841358	-1.57242
19.47	0.82527	-1.64496
19.48	0.808462	-1.71641
19.49	0.790946	-1.78669
19.5	0.772732	-1.85574
19.51	0.753835	-1.92349
19.52	0.734267	-1.98987
19.53	0.714043	-2.0548
19.54	0.693176	-2.11821
19.55	0.671684	-2.18001
19.56	0.649582	-2.24015
19.57	0.626887	-2.29854
19.58	0.603617	-2.35511
19.59	0.579791	-2.40977
19.6	0.555428	-2.46246
19.61	0.530548	-2.5131
19.62	0.505173	-2.56161
19.63	0.479324	-2.60793
19.64	0.453022	-2.65198
19.65	0.426292	-2.69369
19.66	0.399156	-2.733
19.67	0.37164	-2.76985
19.68	0.343768	-2.80416
19.69	0.315565	-2.83589
19.7	0.287059	-2.86497
19.71	0.258275	-2.89136
19.72	0.229241	-2.91502
19.73	0.199984	-2.93589
19.74	0.170532	-2.95394
19.75	0.140915	-2.96914
19.76	0.111159	-2.98146
19.77	0.0812951	-2.99088
19.78	0.0513514	-2.99737
19.79	0.0213574	-3.00093
19.8	-0.00865749	-3.00156
19.81	-0.0386639	-2.99924
19.82	-0.0686324	-2.99398
19.83	-0.0985338	-2.9858
19.84	-0.128339	-2.97471
19.85	-0.158018	-2.96072
19.86	-0.187544	-2.94387
19.87	-0.216886	-2.92419
19.88	-0.246018	-2.90171
19.89	-0.274911	-2.87647
19.9	-0.303538	-2.84852
19.91	-0.331873	-2.8179
19.92	-0.359888	-2.78468
19.93	-0.387558	-2.7489
19.94	-0.414857	-2.71062
19.95	-0.441762	-2.66992
19.96	-0.468248	-2.62685
19.97	-0.494292	-2.58148
19.98	-0.51987	-2.53389
19.99	-0.544962	-2.48414
